2689
2 1
1498728 75
1498729 75
1498730 75
1498731 75
1498732 75
1498733 75
1498734 75
1498735 75
1498736 75
1498737 75
1498738 75
1498739 75
1498740 75
1498741 75
1498742 75
1498743 75
1498744 75
1498745 75
1498746 75
1498747 75
1498748 75
1498749 75
1498750 75
1498751 75
1498752 75
1498753 75
1498754 75
1498755 75
1498756 75
1498757 75
1498758 75
1498759 75
1498760 75
1498761 75
1498762 75
1498763 75
1498764 75
1498765 75
1498766 75
1498767 75
1498768 75
1498769 75
1498770 75
1498771 75
1498772 75
1498773 75
1498774 75
1498775 75
1498776 75
1498777 75
1498778 75
1498779 75
1498780 75
1498781 75
1498782 75
1498783 75
1498784 75
1498785 75
1498786 75
1498787 75
1498788 75
1498789 75
1498790 75
1498791 75
1498792 75
1498793 75
1498794 75
1498795 75
1498796 75
1498797 75
1498798 75
1498799 75
1498800 75
1498801 75
1498802 75
1498803 75
1498804 75
1498805 75
1498806 75
1498807 75
1498808 75
1498809 75
1498810 75
1498811 75
1498812 75
1498813 75
1498814 75
1498815 75
1498816 75
1498817 75
1498818 75
1498819 75
1498820 75
1498821 75
1498822 75
1498823 75
1498824 75
1498825 75
1498826 75
1498827 75
1498828 75
1498829 75
1498830 75
1498831 75
1498832 75
1498833 75
1498834 75
1498835 75
1498836 75
1498837 75
1498838 75
1498839 75
1498840 75
1498841 75
1498842 75
1498843 74
1498843 75
1498844 74
1498845 74
1498846 74
1498847 74
1498848 74
1498849 74
1498850 74
1498851 74
1498852 74
1498853 74
1498854 74
1498855 74
1498856 74
1498857 74
1498858 74
1498859 74
1498860 74
1498861 74
1498862 74
1498863 74
1498864 74
1498865 74
1498866 74
1498867 74
1498868 74
1498869 74
1498870 74
1498871 74
1498872 74
1498873 74
1498874 74
1498875 74
1498876 74
1498877 74
1498878 74
1498879 74
1498880 74
1498881 74
1498882 74
1498883 74
1498884 74
1498885 74
1498886 74
1498887 74
1498888 74
1498889 74
1498890 74
1498891 74
1498892 74
1498893 74
1498894 74
1498895 74
1498896 74
1498897 74
1498898 74
1498899 74
1498900 74
1498901 74
1498902 74
1498903 74
1498904 74
1498905 74
1498906 74
1498907 74
1498908 74
1498909 74
1498910 74
1498911 74
1498912 74
1498913 74
1498914 74
1498915 74
1498916 74
1498917 74
1498918 74
1498919 74
1498920 74
1498921 74
1498922 74
1498923 74
1498924 74
1498925 74
1498926 74
1498927 74
1498928 74
1498929 74
1498930 74
1498931 74
1498932 74
1498933 74
1498934 74
1498935 74
1498936 74
1498937 74
1498938 74
1498939 74
1498940 74
1498941 74
1498942 74
1498943 74
1498944 74
1498945 74
1498946 74
1498947 74
1498948 73
1498948 74
1498949 73
1498950 73
1498951 73
1498952 73
1498953 73
1498954 73
1498955 73
1498956 73
1498957 73
1498958 73
1498959 73
1498960 73
1498961 73
1498962 73
1498963 73
1498964 73
1498965 73
1498966 73
1498967 73
1498968 73
1498969 73
1498970 73
1498971 73
1498972 73
1498973 73
1498974 73
1498975 73
1498976 73
1498977 73
1498978 73
1498979 73
1498980 73
1498981 73
1498982 73
1498983 73
1498984 73
1498985 73
1498986 73
1498987 73
1498988 73
1498989 73
1498990 73
1498991 73
1498992 73
1498993 73
1498994 73
1498995 73
1498996 73
1498997 73
1498998 73
1498999 73
1499000 73
1499001 73
1499002 73
1499003 73
1499004 73
1499005 73
1499006 73
1499007 73
1499008 73
1499009 73
1499010 73
1499011 73
1499012 73
1499013 73
1499014 73
1499015 73
1499016 73
1499017 73
1499018 73
1499019 73
1499020 73
1499021 73
1499022 73
1499023 73
1499024 73
1499025 73
1499026 73
1499027 73
1499028 73
1499029 73
1499030 73
1499031 73
1499032 73
1499033 73
1499034 73
1499035 73
1499036 73
1499037 73
1499038 73
1499039 73
1499040 73
1499041 73
1499042 73
1499043 73
1499044 72
1499044 73
1499045 72
1499046 72
1499047 72
1499048 72
1499049 72
1499050 72
1499051 72
1499052 72
1499053 72
1499054 72
1499055 72
1499056 72
1499057 72
1499058 72
1499059 72
1499060 72
1499061 72
1499062 72
1499063 72
1499064 72
1499065 72
1499066 72
1499067 72
1499068 72
1499069 72
1499070 72
1499071 72
1499072 72
1499073 72
1499074 72
1499075 72
1499076 72
1499077 72
1499078 72
1499079 72
1499080 72
1499081 72
1499082 72
1499083 72
1499084 72
1499085 72
1499086 72
1499087 72
1499088 72
1499089 72
1499090 72
1499091 72
1499092 72
1499093 72
1499094 72
1499095 72
1499096 72
1499097 72
1499098 72
1499099 72
1499100 72
1499101 72
1499102 72
1499103 72
1499104 72
1499105 72
1499106 72
1499107 72
1499108 72
1499109 72
1499110 72
1499111 72
1499112 72
1499113 72
1499114 72
1499115 72
1499116 72
1499117 72
1499118 72
1499119 72
1499120 72
1499121 72
1499122 72
1499123 72
1499124 72
1499125 72
1499126 72
1499127 72
1499128 72
1499129 72
1499130 72
1499131 71
1499131 72
1499132 71
1499133 71
1499134 71
1499135 71
1499136 71
1499137 71
1499138 71
1499139 71
1499140 71
1499141 71
1499142 71
1499143 71
1499144 71
1499145 71
1499146 71
1499147 71
1499148 71
1499149 71
1499150 71
1499151 71
1499152 71
1499153 71
1499154 71
1499155 71
1499156 71
1499157 71
1499158 71
1499159 71
1499160 71
1499161 71
1499162 71
1499163 71
1499164 71
1499165 71
1499166 71
1499167 71
1499168 71
1499169 71
1499170 71
1499171 71
1499172 71
1499173 71
1499174 71
1499175 71
1499176 71
1499177 71
1499178 71
1499179 71
1499180 71
1499181 71
1499182 71
1499183 71
1499184 71
1499185 71
1499186 71
1499187 71
1499188 71
1499189 71
1499190 71
1499191 71
1499192 71
1499193 71
1499194 71
1499195 71
1499196 71
1499197 71
1499198 71
1499199 71
1499200 71
1499201 71
1499202 71
1499203 71
1499204 71
1499205 71
1499206 71
1499207 71
1499208 71
1499209 71
1499210 70
1499210 71
1499211 70
1499212 70
1499213 70
1499214 70
1499215 70
1499216 70
1499217 70
1499218 70
1499219 70
1499220 70
1499221 70
1499222 70
1499223 70
1499224 70
1499225 70
1499226 70
1499227 70
1499228 70
1499229 70
1499230 70
1499231 70
1499232 70
1499233 70
1499234 70
1499235 70
1499236 70
1499237 70
1499238 70
1499239 70
1499240 70
1499241 70
1499242 70
1499243 70
1499244 70
1499245 70
1499246 70
1499247 70
1499248 70
1499249 70
1499250 70
1499251 70
1499252 70
1499253 70
1499254 70
1499255 70
1499256 70
1499257 70
1499258 70
1499259 70
1499260 70
1499261 70
1499262 70
1499263 70
1499264 70
1499265 70
1499266 70
1499267 70
1499268 70
1499269 70
1499270 70
1499271 70
1499272 70
1499273 70
1499274 70
1499275 70
1499276 70
1499277 70
1499278 70
1499279 70
1499280 70
1499281 70
1499282 69
1499283 69
1499284 69
1499285 69
1499286 69
1499287 69
1499288 69
1499289 69
1499290 69
1499291 69
1499292 69
1499293 69
1499294 69
1499295 69
1499296 69
1499297 69
1499298 69
1499299 69
1499300 69
1499301 69
1499302 69
1499303 69
1499304 69
1499305 69
1499306 69
1499307 69
1499308 69
1499309 69
1499310 69
1499311 69
1499312 69
1499313 69
1499314 69
1499315 69
1499316 69
1499317 69
1499318 69
1499319 69
1499320 69
1499321 69
1499322 69
1499323 69
1499324 69
1499325 69
1499326 69
1499327 69
1499328 69
1499329 69
1499330 69
1499331 69
1499332 69
1499333 69
1499334 69
1499335 69
1499336 69
1499337 69
1499338 69
1499339 69
1499340 69
1499341 69
1499342 69
1499343 69
1499344 69
1499345 69
1499346 69
1499347 68
1499347 69
1499348 68
1499349 68
1499350 68
1499351 68
1499352 68
1499353 68
1499354 68
1499355 68
1499356 68
1499357 68
1499358 68
1499359 68
1499360 68
1499361 68
1499362 68
1499363 68
1499364 68
1499365 68
1499366 68
1499367 68
1499368 68
1499369 68
1499370 68
1499371 68
1499372 68
1499373 68
1499374 68
1499375 68
1499376 68
1499377 68
1499378 68
1499379 68
1499380 68
1499381 68
1499382 68
1499383 68
1499384 68
1499385 68
1499386 68
1499387 68
1499388 68
1499389 68
1499390 68
1499391 68
1499392 68
1499393 68
1499394 68
1499395 68
1499396 68
1499397 68
1499398 68
1499399 68
1499400 68
1499401 68
1499402 68
1499403 68
1499404 68
1499405 68
1499406 67
1499406 68
1499407 67
1499408 67
1499409 67
1499410 67
1499411 67
1499412 67
1499413 67
1499414 67
1499415 67
1499416 67
1499417 67
1499418 67
1499419 67
1499420 67
1499421 67
1499422 67
1499423 67
1499424 67
1499425 67
1499426 67
1499427 67
1499428 67
1499429 67
1499430 67
1499431 67
1499432 67
1499433 67
1499434 67
1499435 67
1499436 67
1499437 67
1499438 67
1499439 67
1499440 67
1499441 67
1499442 67
1499443 67
1499444 67
1499445 67
1499446 67
1499447 67
1499448 67
1499449 67
1499450 67
1499451 67
1499452 67
1499453 67
1499454 67
1499455 67
1499456 67
1499457 67
1499458 67
1499459 67
1499460 66
1499460 67
1499461 66
1499462 66
1499463 66
1499464 66
1499465 66
1499466 66
1499467 66
1499468 66
1499469 66
1499470 66
1499471 66
1499472 66
1499473 66
1499474 66
1499475 66
1499476 66
1499477 66
1499478 66
1499479 66
1499480 66
1499481 66
1499482 66
1499483 66
1499484 66
1499485 66
1499486 66
1499487 66
1499488 66
1499489 66
1499490 66
1499491 66
1499492 66
1499493 66
1499494 66
1499495 66
1499496 66
1499497 66
1499498 66
1499499 66
1499500 66
1499501 66
1499502 66
1499503 66
1499504 66
1499505 66
1499506 66
1499507 66
1499508 66
1499509 65
1499509 66
1499510 65
1499511 65
1499512 65
1499513 65
1499514 65
1499515 65
1499516 65
1499517 65
1499518 65
1499519 65
1499520 65
1499521 65
1499522 65
1499523 65
1499524 65
1499525 65
1499526 65
1499527 65
1499528 65
1499529 65
1499530 65
1499531 65
1499532 65
1499533 65
1499534 65
1499535 65
1499536 65
1499537 65
1499538 65
1499539 65
1499540 65
1499541 65
1499542 65
1499543 65
1499544 65
1499545 65
1499546 65
1499547 65
1499548 65
1499549 65
1499550 65
1499551 65
1499552 65
1499553 65
1499554 64
1499554 65
1499555 64
1499556 64
1499557 64
1499558 64
1499559 64
1499560 64
1499561 64
1499562 64
1499563 64
1499564 64
1499565 64
1499566 64
1499567 64
1499568 64
1499569 64
1499570 64
1499571 64
1499572 64
1499573 64
1499574 64
1499575 64
1499576 64
1499577 64
1499578 64
1499579 64
1499580 64
1499581 64
1499582 64
1499583 64
1499584 64
1499585 64
1499586 64
1499587 64
1499588 64
1499589 64
1499590 64
1499591 64
1499592 64
1499593 64
1499594 63
1499594 64
1499595 63
1499596 63
1499597 63
1499598 63
1499599 63
1499600 63
1499601 63
1499602 63
1499603 63
1499604 63
1499605 63
1499606 63
1499607 63
1499608 63
1499609 63
1499610 63
1499611 63
1499612 63
1499613 63
1499614 63
1499615 63
1499616 63
1499617 63
1499618 63
1499619 63
1499620 63
1499621 63
1499622 63
1499623 63
1499624 63
1499625 63
1499626 63
1499627 63
1499628 63
1499629 63
1499630 63
1499631 62
1499631 63
1499632 62
1499633 62
1499634 62
1499635 62
1499636 62
1499637 62
1499638 62
1499639 62
1499640 62
1499641 62
1499642 62
1499643 62
1499644 62
1499645 62
1499646 62
1499647 62
1499648 62
1499649 62
1499650 62
1499651 62
1499652 62
1499653 62
1499654 62
1499655 62
1499656 62
1499657 62
1499658 62
1499659 62
1499660 62
1499661 62
1499662 62
1499663 62
1499664 62
1499665 61
1499665 62
1499666 61
1499667 61
1499668 61
1499669 61
1499670 61
1499671 61
1499672 61
1499673 61
1499674 61
1499675 61
1499676 61
1499677 61
1499678 61
1499679 61
1499680 61
1499681 61
1499682 61
1499683 61
1499684 61
1499685 61
1499686 61
1499687 61
1499688 61
1499689 61
1499690 61
1499691 61
1499692 61
1499693 61
1499694 61
1499695 60
1499695 61
1499696 60
1499697 60
1499698 60
1499699 60
1499700 60
1499701 60
1499702 60
1499703 60
1499704 60
1499705 60
1499706 60
1499707 60
1499708 60
1499709 60
1499710 60
1499711 60
1499712 60
1499713 60
1499714 60
1499715 60
1499716 60
1499717 60
1499718 60
1499719 60
1499720 60
1499721 60
1499722 60
1499723 59
1499723 60
1499724 59
1499725 59
1499726 59
1499727 59
1499728 59
1499729 59
1499730 59
1499731 59
1499732 59
1499733 59
1499734 59
1499735 59
1499736 59
1499737 59
1499738 59
1499739 59
1499740 59
1499741 59
1499742 59
1499743 59
1499744 59
1499745 59
1499746 59
1499747 59
1499748 58
1499748 59
1499749 58
1499750 58
1499751 58
1499752 58
1499753 58
1499754 58
1499755 58
1499756 58
1499757 58
1499758 58
1499759 58
1499760 58
1499761 58
1499762 58
1499763 58
1499764 58
1499765 58
1499766 58
1499767 58
1499768 58
1499769 58
1499770 58
1499771 57
1499771 58
1499772 57
1499773 57
1499774 57
1499775 57
1499776 57
1499777 57
1499778 57
1499779 57
1499780 57
1499781 57
1499782 57
1499783 57
1499784 57
1499785 57
1499786 57
1499787 57
1499788 57
1499789 57
1499790 57
1499791 57
1499792 56
1499792 57
1499793 56
1499794 56
1499795 56
1499796 56
1499797 56
1499798 56
1499799 56
1499800 56
1499801 56
1499802 56
1499803 56
1499804 56
1499805 56
1499806 56
1499807 56
1499808 56
1499809 56
1499810 55
1499810 56
1499811 55
1499812 55
1499813 55
1499814 55
1499815 55
1499816 55
1499817 55
1499818 55
1499819 55
1499820 55
1499821 55
1499822 55
1499823 55
1499824 55
1499825 55
1499826 55
1499827 55
1499828 54
1499828 55
1499829 54
1499830 54
1499831 54
1499832 54
1499833 54
1499834 54
1499835 54
1499836 54
1499837 54
1499838 54
1499839 54
1499840 54
1499841 54
1499842 54
1499843 53
1499843 54
1499844 53
1499845 53
1499846 53
1499847 53
1499848 53
1499849 53
1499850 53
1499851 53
1499852 53
1499853 53
1499854 53
1499855 53
1499856 53
1499857 52
1499857 53
1499858 52
1499859 52
1499860 52
1499861 52
1499862 52
1499863 52
1499864 52
1499865 52
1499866 52
1499867 52
1499868 52
1499869 52
1499870 51
1499870 52
1499871 51
1499872 51
1499873 51
1499874 51
1499875 51
1499876 51
1499877 51
1499878 51
1499879 51
1499880 51
1499881 51
1499882 50
1499882 51
1499883 50
1499884 50
1499885 50
1499886 50
1499887 50
1499888 50
1499889 50
1499890 50
1499891 50
1499892 50
1499893 49
1499893 50
1499894 49
1499895 49
1499896 49
1499897 49
1499898 49
1499899 49
1499900 49
1499901 49
1499902 48
1499902 49
1499903 48
1499904 48
1499905 48
1499906 48
1499907 48
1499908 48
1499909 48
1499910 48
1499911 47
1499911 48
1499912 47
1499913 47
1499914 47
1499915 47
1499916 47
1499917 47
1499918 47
1499919 46
1499919 47
1499920 46
1499921 46
1499922 46
1499923 46
1499924 46
1499925 46
1499926 46
1499927 45
1499927 46
1499928 45
1499929 45
1499930 45
1499931 45
1499932 45
1499933 44
1499933 45
1499934 44
1499935 44
1499936 44
1499937 44
1499938 44
1499939 43
1499939 44
1499940 43
1499941 43
1499942 43
1499943 43
1499944 43
1499945 42
1499945 43
1499946 42
1499947 42
1499948 42
1499949 42
1499950 41
1499950 42
1499951 41
1499952 41
1499953 41
1499954 40
1499954 41
1499955 40
1499956 40
1499957 40
1499958 39
1499958 40
1499959 39
1499960 39
1499961 39
1499962 38
1499962 39
1499963 38
1499964 38
1499965 37
1499965 38
1499966 37
1499967 37
1499968 37
1499969 36
1499969 37
1499970 36
1499971 35
1499971 36
1499972 35
1499973 35
1499974 34
1499974 35
1499975 34
1499976 33
1499976 34
1499977 33
1499978 32
1499978 33
1499979 32
1499980 31
1499980 32
1499981 31
1499982 30
1499982 31
1499983 30
1499984 29
1499984 30
1499985 28
1499985 29
1499986 27
1499986 28
1499987 27
1499988 26
1499988 27
1499989 25
1499989 26
1499990 24
1499990 25
1499991 22
1499991 23
1499991 24
1499992 21
1499992 22
1499993 19
1499993 20
1499993 21
1499994 17
1499994 18
1499994 19
1499995 15
1499995 16
1499995 17
1499996 12
1499996 13
1499996 14
1499996 15
1499997 8
1499997 9
1499997 10
1499997 11
1499997 12
1499998 1
1499998 2
1499998 3
1499998 4
1499998 5
1499998 6
1499998 7
1499998 8
1500001 0
1500002 1
1500002 2
1500002 3
1500002 4
1500002 5
1500002 6
1500002 7
1500002 8
1500003 8
1500003 9
1500003 10
1500003 11
1500003 12
1500004 12
1500004 13
1500004 14
1500004 15
1500005 15
1500005 16
1500005 17
1500006 17
1500006 18
1500006 19
1500007 19
1500007 20
1500007 21
1500008 21
1500008 22
1500009 22
1500009 23
1500009 24
1500010 24
1500010 25
1500011 25
1500011 26
1500012 26
1500012 27
1500013 27
1500014 27
1500014 28
1500015 28
1500015 29
1500016 29
1500016 30
1500017 30
1500018 30
1500018 31
1500019 31
1500020 31
1500020 32
1500021 32
1500022 32
1500022 33
1500023 33
1500024 33
1500024 34
1500025 34
1500026 34
1500026 35
1500027 35
1500028 35
1500029 35
1500029 36
1500030 36
1500031 36
1500031 37
1500032 37
1500033 37
1500034 37
1500035 37
1500035 38
1500036 38
1500037 38
1500038 38
1500038 39
1500039 39
1500040 39
1500041 39
1500042 39
1500042 40
1500043 40
1500044 40
1500045 40
1500046 40
1500046 41
1500047 41
1500048 41
1500049 41
1500050 41
1500050 42
1500051 42
1500052 42
1500053 42
1500054 42
1500055 42
1500055 43
1500056 43
1500057 43
1500058 43
1500059 43
1500060 43
1500061 43
1500061 44
1500062 44
1500063 44
1500064 44
1500065 44
1500066 44
1500067 44
1500067 45
1500068 45
1500069 45
1500070 45
1500071 45
1500072 45
1500073 45
1500073 46
1500074 46
1500075 46
1500076 46
1500077 46
1500078 46
1500079 46
1500080 46
1500081 46
1500081 47
1500082 47
1500083 47
1500084 47
1500085 47
1500086 47
1500087 47
1500088 47
1500089 47
1500089 48
1500090 48
1500091 48
1500092 48
1500093 48
1500094 48
1500095 48
1500096 48
1500097 48
1500098 48
1500098 49
1500099 49
1500100 49
1500101 49
1500102 49
1500103 49
1500104 49
1500105 49
1500106 49
1500107 49
1500107 50
1500108 50
1500109 50
1500110 50
1500111 50
1500112 50
1500113 50
1500114 50
1500115 50
1500116 50
1500117 50
1500118 50
1500118 51
1500119 51
1500120 51
1500121 51
1500122 51
1500123 51
1500124 51
1500125 51
1500126 51
1500127 51
1500128 51
1500129 51
1500130 51
1500130 52
1500131 52
1500132 52
1500133 52
1500134 52
1500135 52
1500136 52
1500137 52
1500138 52
1500139 52
1500140 52
1500141 52
1500142 52
1500143 52
1500143 53
1500144 53
1500145 53
1500146 53
1500147 53
1500148 53
1500149 53
1500150 53
1500151 53
1500152 53
1500153 53
1500154 53
1500155 53
1500156 53
1500157 53
1500157 54
1500158 54
1500159 54
1500160 54
1500161 54
1500162 54
1500163 54
1500164 54
1500165 54
1500166 54
1500167 54
1500168 54
1500169 54
1500170 54
1500171 54
1500172 54
1500172 55
1500173 55
1500174 55
1500175 55
1500176 55
1500177 55
1500178 55
1500179 55
1500180 55
1500181 55
1500182 55
1500183 55
1500184 55
1500185 55
1500186 55
1500187 55
1500188 55
1500189 55
1500190 55
1500190 56
1500191 56
1500192 56
1500193 56
1500194 56
1500195 56
1500196 56
1500197 56
1500198 56
1500199 56
1500200 56
1500201 56
1500202 56
1500203 56
1500204 56
1500205 56
1500206 56
1500207 56
1500208 56
1500208 57
1500209 57
1500210 57
1500211 57
1500212 57
1500213 57
1500214 57
1500215 57
1500216 57
1500217 57
1500218 57
1500219 57
1500220 57
1500221 57
1500222 57
1500223 57
1500224 57
1500225 57
1500226 57
1500227 57
1500228 57
1500229 57
1500229 58
1500230 58
1500231 58
1500232 58
1500233 58
1500234 58
1500235 58
1500236 58
1500237 58
1500238 58
1500239 58
1500240 58
1500241 58
1500242 58
1500243 58
1500244 58
1500245 58
1500246 58
1500247 58
1500248 58
1500249 58
1500250 58
1500251 58
1500252 58
1500252 59
1500253 59
1500254 59
1500255 59
1500256 59
1500257 59
1500258 59
1500259 59
1500260 59
1500261 59
1500262 59
1500263 59
1500264 59
1500265 59
1500266 59
1500267 59
1500268 59
1500269 59
1500270 59
1500271 59
1500272 59
1500273 59
1500274 59
1500275 59
1500276 59
1500277 59
1500277 60
1500278 60
1500279 60
1500280 60
1500281 60
1500282 60
1500283 60
1500284 60
1500285 60
1500286 60
1500287 60
1500288 60
1500289 60
1500290 60
1500291 60
1500292 60
1500293 60
1500294 60
1500295 60
1500296 60
1500297 60
1500298 60
1500299 60
1500300 60
1500301 60
1500302 60
1500303 60
1500304 60
1500305 60
1500305 61
1500306 61
1500307 61
1500308 61
1500309 61
1500310 61
1500311 61
1500312 61
1500313 61
1500314 61
1500315 61
1500316 61
1500317 61
1500318 61
1500319 61
1500320 61
1500321 61
1500322 61
1500323 61
1500324 61
1500325 61
1500326 61
1500327 61
1500328 61
1500329 61
1500330 61
1500331 61
1500332 61
1500333 61
1500334 61
1500335 61
1500335 62
1500336 62
1500337 62
1500338 62
1500339 62
1500340 62
1500341 62
1500342 62
1500343 62
1500344 62
1500345 62
1500346 62
1500347 62
1500348 62
1500349 62
1500350 62
1500351 62
1500352 62
1500353 62
1500354 62
1500355 62
1500356 62
1500357 62
1500358 62
1500359 62
1500360 62
1500361 62
1500362 62
1500363 62
1500364 62
1500365 62
1500366 62
1500367 62
1500368 62
1500369 62
1500369 63
1500370 63
1500371 63
1500372 63
1500373 63
1500374 63
1500375 63
1500376 63
1500377 63
1500378 63
1500379 63
1500380 63
1500381 63
1500382 63
1500383 63
1500384 63
1500385 63
1500386 63
1500387 63
1500388 63
1500389 63
1500390 63
1500391 63
1500392 63
1500393 63
1500394 63
1500395 63
1500396 63
1500397 63
1500398 63
1500399 63
1500400 63
1500401 63
1500402 63
1500403 63
1500404 63
1500405 63
1500406 63
1500406 64
1500407 64
1500408 64
1500409 64
1500410 64
1500411 64
1500412 64
1500413 64
1500414 64
1500415 64
1500416 64
1500417 64
1500418 64
1500419 64
1500420 64
1500421 64
1500422 64
1500423 64
1500424 64
1500425 64
1500426 64
1500427 64
1500428 64
1500429 64
1500430 64
1500431 64
1500432 64
1500433 64
1500434 64
1500435 64
1500436 64
1500437 64
1500438 64
1500439 64
1500440 64
1500441 64
1500442 64
1500443 64
1500444 64
1500445 64
1500446 64
1500446 65
1500447 65
1500448 65
1500449 65
1500450 65
1500451 65
1500452 65
1500453 65
1500454 65
1500455 65
1500456 65
1500457 65
1500458 65
1500459 65
1500460 65
1500461 65
1500462 65
1500463 65
1500464 65
1500465 65
1500466 65
1500467 65
1500468 65
1500469 65
1500470 65
1500471 65
1500472 65
1500473 65
1500474 65
1500475 65
1500476 65
1500477 65
1500478 65
1500479 65
1500480 65
1500481 65
1500482 65
1500483 65
1500484 65
1500485 65
1500486 65
1500487 65
1500488 65
1500489 65
1500490 65
1500491 65
1500491 66
1500492 66
1500493 66
1500494 66
1500495 66
1500496 66
1500497 66
1500498 66
1500499 66
1500500 66
1500501 66
1500502 66
1500503 66
1500504 66
1500505 66
1500506 66
1500507 66
1500508 66
1500509 66
1500510 66
1500511 66
1500512 66
1500513 66
1500514 66
1500515 66
1500516 66
1500517 66
1500518 66
1500519 66
1500520 66
1500521 66
1500522 66
1500523 66
1500524 66
1500525 66
1500526 66
1500527 66
1500528 66
1500529 66
1500530 66
1500531 66
1500532 66
1500533 66
1500534 66
1500535 66
1500536 66
1500537 66
1500538 66
1500539 66
1500540 66
1500540 67
1500541 67
1500542 67
1500543 67
1500544 67
1500545 67
1500546 67
1500547 67
1500548 67
1500549 67
1500550 67
1500551 67
1500552 67
1500553 67
1500554 67
1500555 67
1500556 67
1500557 67
1500558 67
1500559 67
1500560 67
1500561 67
1500562 67
1500563 67
1500564 67
1500565 67
1500566 67
1500567 67
1500568 67
1500569 67
1500570 67
1500571 67
1500572 67
1500573 67
1500574 67
1500575 67
1500576 67
1500577 67
1500578 67
1500579 67
1500580 67
1500581 67
1500582 67
1500583 67
1500584 67
1500585 67
1500586 67
1500587 67
1500588 67
1500589 67
1500590 67
1500591 67
1500592 67
1500593 67
1500594 67
1500594 68
1500595 68
1500596 68
1500597 68
1500598 68
1500599 68
1500600 68
1500601 68
1500602 68
1500603 68
1500604 68
1500605 68
1500606 68
1500607 68
1500608 68
1500609 68
1500610 68
1500611 68
1500612 68
1500613 68
1500614 68
1500615 68
1500616 68
1500617 68
1500618 68
1500619 68
1500620 68
1500621 68
1500622 68
1500623 68
1500624 68
1500625 68
1500626 68
1500627 68
1500628 68
1500629 68
1500630 68
1500631 68
1500632 68
1500633 68
1500634 68
1500635 68
1500636 68
1500637 68
1500638 68
1500639 68
1500640 68
1500641 68
1500642 68
1500643 68
1500644 68
1500645 68
1500646 68
1500647 68
1500648 68
1500649 68
1500650 68
1500651 68
1500652 68
1500653 68
1500653 69
1500654 69
1500655 69
1500656 69
1500657 69
1500658 69
1500659 69
1500660 69
1500661 69
1500662 69
1500663 69
1500664 69
1500665 69
1500666 69
1500667 69
1500668 69
1500669 69
1500670 69
1500671 69
1500672 69
1500673 69
1500674 69
1500675 69
1500676 69
1500677 69
1500678 69
1500679 69
1500680 69
1500681 69
1500682 69
1500683 69
1500684 69
1500685 69
1500686 69
1500687 69
1500688 69
1500689 69
1500690 69
1500691 69
1500692 69
1500693 69
1500694 69
1500695 69
1500696 69
1500697 69
1500698 69
1500699 69
1500700 69
1500701 69
1500702 69
1500703 69
1500704 69
1500705 69
1500706 69
1500707 69
1500708 69
1500709 69
1500710 69
1500711 69
1500712 69
1500713 69
1500714 69
1500715 69
1500716 69
1500717 69
1500718 69
1500719 70
1500720 70
1500721 70
1500722 70
1500723 70
1500724 70
1500725 70
1500726 70
1500727 70
1500728 70
1500729 70
1500730 70
1500731 70
1500732 70
1500733 70
1500734 70
1500735 70
1500736 70
1500737 70
1500738 70
1500739 70
1500740 70
1500741 70
1500742 70
1500743 70
1500744 70
1500745 70
1500746 70
1500747 70
1500748 70
1500749 70
1500750 70
1500751 70
1500752 70
1500753 70
1500754 70
1500755 70
1500756 70
1500757 70
1500758 70
1500759 70
1500760 70
1500761 70
1500762 70
1500763 70
1500764 70
1500765 70
1500766 70
1500767 70
1500768 70
1500769 70
1500770 70
1500771 70
1500772 70
1500773 70
1500774 70
1500775 70
1500776 70
1500777 70
1500778 70
1500779 70
1500780 70
1500781 70
1500782 70
1500783 70
1500784 70
1500785 70
1500786 70
1500787 70
1500788 70
1500789 70
1500790 70
1500790 71
1500791 71
1500792 71
1500793 71
1500794 71
1500795 71
1500796 71
1500797 71
1500798 71
1500799 71
1500800 71
1500801 71
1500802 71
1500803 71
1500804 71
1500805 71
1500806 71
1500807 71
1500808 71
1500809 71
1500810 71
1500811 71
1500812 71
1500813 71
1500814 71
1500815 71
1500816 71
1500817 71
1500818 71
1500819 71
1500820 71
1500821 71
1500822 71
1500823 71
1500824 71
1500825 71
1500826 71
1500827 71
1500828 71
1500829 71
1500830 71
1500831 71
1500832 71
1500833 71
1500834 71
1500835 71
1500836 71
1500837 71
1500838 71
1500839 71
1500840 71
1500841 71
1500842 71
1500843 71
1500844 71
1500845 71
1500846 71
1500847 71
1500848 71
1500849 71
1500850 71
1500851 71
1500852 71
1500853 71
1500854 71
1500855 71
1500856 71
1500857 71
1500858 71
1500859 71
1500860 71
1500861 71
1500862 71
1500863 71
1500864 71
1500865 71
1500866 71
1500867 71
1500868 71
1500869 71
1500869 72
1500870 72
1500871 72
1500872 72
1500873 72
1500874 72
1500875 72
1500876 72
1500877 72
1500878 72
1500879 72
1500880 72
1500881 72
1500882 72
1500883 72
1500884 72
1500885 72
1500886 72
1500887 72
1500888 72
1500889 72
1500890 72
1500891 72
1500892 72
1500893 72
1500894 72
1500895 72
1500896 72
1500897 72
1500898 72
1500899 72
1500900 72
1500901 72
1500902 72
1500903 72
1500904 72
1500905 72
1500906 72
1500907 72
1500908 72
1500909 72
1500910 72
1500911 72
1500912 72
1500913 72
1500914 72
1500915 72
1500916 72
1500917 72
1500918 72
1500919 72
1500920 72
1500921 72
1500922 72
1500923 72
1500924 72
1500925 72
1500926 72
1500927 72
1500928 72
1500929 72
1500930 72
1500931 72
1500932 72
1500933 72
1500934 72
1500935 72
1500936 72
1500937 72
1500938 72
1500939 72
1500940 72
1500941 72
1500942 72
1500943 72
1500944 72
1500945 72
1500946 72
1500947 72
1500948 72
1500949 72
1500950 72
1500951 72
1500952 72
1500953 72
1500954 72
1500955 72
1500956 72
1500956 73
1500957 73
1500958 73
1500959 73
1500960 73
1500961 73
1500962 73
1500963 73
1500964 73
1500965 73
1500966 73
1500967 73
1500968 73
1500969 73
1500970 73
1500971 73
1500972 73
1500973 73
1500974 73
1500975 73
1500976 73
1500977 73
1500978 73
1500979 73
1500980 73
1500981 73
1500982 73
1500983 73
1500984 73
1500985 73
1500986 73
1500987 73
1500988 73
1500989 73
1500990 73
1500991 73
1500992 73
1500993 73
1500994 73
1500995 73
1500996 73
1500997 73
1500998 73
1500999 73
1501000 73
1501001 73
1501002 73
1501003 73
1501004 73
1501005 73
1501006 73
1501007 73
1501008 73
1501009 73
1501010 73
1501011 73
1501012 73
1501013 73
1501014 73
1501015 73
1501016 73
1501017 73
1501018 73
1501019 73
1501020 73
1501021 73
1501022 73
1501023 73
1501024 73
1501025 73
1501026 73
1501027 73
1501028 73
1501029 73
1501030 73
1501031 73
1501032 73
1501033 73
1501034 73
1501035 73
1501036 73
1501037 73
1501038 73
1501039 73
1501040 73
1501041 73
1501042 73
1501043 73
1501044 73
1501045 73
1501046 73
1501047 73
1501048 73
1501049 73
1501050 73
1501051 73
1501052 73
1501052 74
1501053 74
1501054 74
1501055 74
1501056 74
1501057 74
1501058 74
1501059 74
1501060 74
1501061 74
1501062 74
1501063 74
1501064 74
1501065 74
1501066 74
1501067 74
1501068 74
1501069 74
1501070 74
1501071 74
1501072 74
1501073 74
1501074 74
1501075 74
1501076 74
1501077 74
1501078 74
1501079 74
1501080 74
1501081 74
1501082 74
1501083 74
1501084 74
1501085 74
1501086 74
1501087 74
1501088 74
1501089 74
1501090 74
1501091 74
1501092 74
1501093 74
1501094 74
1501095 74
1501096 74
1501097 74
1501098 74
1501099 74
1501100 74
1501101 74
1501102 74
1501103 74
1501104 74
1501105 74
1501106 74
1501107 74
1501108 74
1501109 74
1501110 74
1501111 74
1501112 74
1501113 74
1501114 74
1501115 74
1501116 74
1501117 74
1501118 74
1501119 74
1501120 74
1501121 74
1501122 74
1501123 74
1501124 74
1501125 74
1501126 74
1501127 74
1501128 74
1501129 74
1501130 74
1501131 74
1501132 74
1501133 74
1501134 74
1501135 74
1501136 74
1501137 74
1501138 74
1501139 74
1501140 74
1501141 74
1501142 74
1501143 74
1501144 74
1501145 74
1501146 74
1501147 74
1501148 74
1501149 74
1501150 74
1501151 74
1501152 74
1501153 74
1501154 74
1501155 74
1501156 74
1501157 74
1501157 75
1501158 75
1501159 75
1501160 75
1501161 75
1501162 75
1501163 75
1501164 75
1501165 75
1501166 75
1501167 75
1501168 75
1501169 75
1501170 75
1501171 75
1501172 75
1501173 75
1501174 75
1501175 75
1501176 75
1501177 75
1501178 75
1501179 75
1501180 75
1501181 75
1501182 75
1501183 75
1501184 75
1501185 75
1501186 75
1501187 75
1501188 75
1501189 75
1501190 75
1501191 75
1501192 75
1501193 75
1501194 75
1501195 75
1501196 75
1501197 75
1501198 75
1501199 75
1501200 75
1501201 75
1501202 75
1501203 75
1501204 75
1501205 75
1501206 75
1501207 75
1501208 75
1501209 75
1501210 75
1501211 75
1501212 75
1501213 75
1501214 75
1501215 75
1501216 75
1501217 75
1501218 75
1501219 75
1501220 75
1501221 75
1501222 75
1501223 75
1501224 75
1501225 75
1501226 75
1501227 75
1501228 75
1501229 75
1501230 75
1501231 75
1501232 75
1501233 75
1501234 75
1501235 75
1501236 75
1501237 75
1501238 75
1501239 75
1501240 75
1501241 75
1501242 75
1501243 75
1501244 75
1501245 75
1501246 75
1501247 75
1501248 75
1501249 75
1501250 75
1501251 75
1501252 75
1501253 75
1501254 75
1501255 75
1501256 75
1501257 75
1501258 75
1501259 75
1501260 75
1501261 75
1501262 75
1501263 75
1501264 75
1501265 75
1501266 75
1501267 75
1501268 75
1501269 75
1501270 75
1501271 75
1501272 75
