10001
142 100
2501 2500
2501 2502
2500 2501
2502 2501
2501 2499
2501 2503
2499 2501
2503 2501
2501 2498
2501 2504
2498 2501
2504 2501
2501 2497
2501 2505
2497 2501
2505 2501
2501 2496
2501 2506
2496 2501
2506 2501
2501 2495
2501 2507
2495 2501
2507 2501
2501 2494
2501 2508
2494 2501
2508 2501
2501 2493
2501 2509
2493 2501
2509 2501
2501 2492
2501 2510
2492 2501
2510 2501
2501 2491
2501 2511
2491 2501
2511 2501
2501 2490
2501 2512
2490 2501
2512 2501
2501 2489
2501 2513
2489 2501
2513 2501
2501 2488
2501 2514
2488 2501
2514 2501
2501 2487
2501 2515
2487 2501
2515 2501
2501 2486
2501 2516
2486 2501
2516 2501
2501 2485
2501 2517
2485 2501
2517 2501
2501 2484
2501 2518
2484 2501
2518 2501
2501 2483
2501 2519
2483 2501
2519 2501
2501 2482
2501 2520
2482 2501
2520 2501
2501 2481
2501 2521
2481 2501
2521 2501
2501 2480
2501 2522
2480 2501
2522 2501
2501 2479
2501 2523
2479 2501
2523 2501
2501 2478
2501 2524
2478 2501
2524 2501
2501 2477
2501 2525
2477 2501
2525 2501
2501 2476
2501 2526
2476 2501
2526 2501
2501 2475
2501 2527
2475 2501
2527 2501
2501 2474
2501 2528
2474 2501
2528 2501
2501 2473
2501 2529
2473 2501
2529 2501
2501 2472
2501 2530
2472 2501
2530 2501
2501 2471
2501 2531
2471 2501
2531 2501
2501 2470
2501 2532
2470 2501
2532 2501
2501 2469
2501 2533
2469 2501
2533 2501
2501 2468
2501 2534
2468 2501
2534 2501
2501 2467
2501 2535
2467 2501
2535 2501
2501 2466
2501 2536
2466 2501
2536 2501
2501 2465
2501 2537
2465 2501
2537 2501
2501 2464
2501 2538
2464 2501
2538 2501
2501 2463
2501 2539
2463 2501
2539 2501
2501 2462
2501 2540
2462 2501
2540 2501
2501 2461
2501 2541
2461 2501
2541 2501
2501 2460
2501 2542
2460 2501
2542 2501
2501 2459
2501 2543
2459 2501
2543 2501
2501 2458
2501 2544
2458 2501
2544 2501
2501 2457
2501 2545
2457 2501
2545 2501
2501 2456
2501 2546
2456 2501
2546 2501
2501 2455
2501 2547
2455 2501
2547 2501
2501 2454
2501 2548
2454 2501
2548 2501
2501 2453
2501 2549
2453 2501
2549 2501
2501 2452
2501 2550
2452 2501
2550 2501
2501 2451
2501 2551
2451 2501
2551 2501
2501 2450
2501 2552
2450 2501
2552 2501
2501 2449
2501 2553
2449 2501
2553 2501
2501 2448
2501 2554
2448 2501
2554 2501
2501 2447
2501 2555
2447 2501
2555 2501
2501 2446
2501 2556
2446 2501
2556 2501
2501 2445
2501 2557
2445 2501
2557 2501
2501 2444
2501 2558
2444 2501
2558 2501
2501 2443
2501 2559
2443 2501
2559 2501
2501 2442
2501 2560
2442 2501
2560 2501
2501 2441
2501 2561
2441 2501
2561 2501
2501 2440
2501 2562
2440 2501
2562 2501
2501 2439
2501 2563
2439 2501
2563 2501
2501 2438
2501 2564
2438 2501
2564 2501
2501 2437
2501 2565
2437 2501
2565 2501
2501 2436
2501 2566
2436 2501
2566 2501
2501 2435
2501 2567
2435 2501
2567 2501
2501 2434
2501 2568
2434 2501
2568 2501
2501 2433
2501 2569
2433 2501
2569 2501
2501 2432
2501 2570
2432 2501
2570 2501
2501 2431
2501 2571
2431 2501
2571 2501
2501 2430
2501 2572
2430 2501
2572 2501
2501 2429
2501 2573
2429 2501
2573 2501
2501 2428
2501 2574
2428 2501
2574 2501
2501 2427
2501 2575
2427 2501
2575 2501
2501 2426
2501 2576
2426 2501
2576 2501
2501 2425
2501 2577
2425 2501
2577 2501
2501 2424
2501 2578
2424 2501
2578 2501
2501 2423
2501 2579
2423 2501
2579 2501
2501 2422
2501 2580
2422 2501
2580 2501
2501 2421
2501 2581
2421 2501
2581 2501
2501 2420
2501 2582
2420 2501
2582 2501
2501 2419
2501 2583
2419 2501
2583 2501
2501 2418
2501 2584
2418 2501
2584 2501
2501 2417
2501 2585
2417 2501
2585 2501
2501 2416
2501 2586
2416 2501
2586 2501
2501 2415
2501 2587
2415 2501
2587 2501
2501 2414
2501 2588
2414 2501
2588 2501
2501 2413
2501 2589
2413 2501
2589 2501
2501 2412
2501 2590
2412 2501
2590 2501
2501 2411
2501 2591
2411 2501
2591 2501
2501 2410
2501 2592
2410 2501
2592 2501
2501 2409
2501 2593
2409 2501
2593 2501
2501 2408
2501 2594
2408 2501
2594 2501
2501 2407
2501 2595
2407 2501
2595 2501
2501 2406
2501 2596
2406 2501
2596 2501
2501 2405
2501 2597
2405 2501
2597 2501
2501 2404
2501 2598
2404 2501
2598 2501
2501 2403
2501 2599
2403 2501
2599 2501
2501 2402
2501 2600
2402 2501
2600 2501
2501 2401
2501 2601
2401 2501
2601 2501
2501 2400
2501 2602
2400 2501
2602 2501
2501 2399
2501 2603
2399 2501
2603 2501
2501 2398
2501 2604
2398 2501
2604 2501
2501 2397
2501 2605
2397 2501
2605 2501
2501 2396
2501 2606
2396 2501
2606 2501
2501 2395
2501 2607
2395 2501
2607 2501
2501 2394
2501 2608
2394 2501
2608 2501
2501 2393
2501 2609
2393 2501
2609 2501
2501 2392
2501 2610
2392 2501
2610 2501
2501 2391
2501 2611
2391 2501
2611 2501
2501 2390
2501 2612
2390 2501
2612 2501
2501 2389
2501 2613
2389 2501
2613 2501
2501 2388
2501 2614
2388 2501
2614 2501
2501 2387
2501 2615
2387 2501
2615 2501
2501 2386
2501 2616
2386 2501
2616 2501
2501 2385
2501 2617
2385 2501
2617 2501
2501 2384
2501 2618
2384 2501
2618 2501
2501 2383
2501 2619
2383 2501
2619 2501
2501 2382
2501 2620
2382 2501
2620 2501
2501 2381
2501 2621
2381 2501
2621 2501
2501 2380
2501 2622
2380 2501
2622 2501
2501 2379
2501 2623
2379 2501
2623 2501
2501 2378
2501 2624
2378 2501
2624 2501
2501 2377
2501 2625
2377 2501
2625 2501
2501 2376
2501 2626
2376 2501
2626 2501
2501 2375
2501 2627
2375 2501
2627 2501
2501 2374
2501 2628
2374 2501
2628 2501
2501 2373
2501 2629
2373 2501
2629 2501
2501 2372
2501 2630
2372 2501
2630 2501
2501 2371
2501 2631
2371 2501
2631 2501
2501 2370
2501 2632
2370 2501
2632 2501
2501 2369
2501 2633
2369 2501
2633 2501
2501 2368
2501 2634
2368 2501
2634 2501
2501 2367
2501 2635
2367 2501
2635 2501
2501 2366
2501 2636
2366 2501
2636 2501
2501 2365
2501 2637
2365 2501
2637 2501
2501 2364
2501 2638
2364 2501
2638 2501
2501 2363
2501 2639
2363 2501
2639 2501
2501 2362
2501 2640
2362 2501
2640 2501
2501 2361
2501 2641
2361 2501
2641 2501
2501 2360
2501 2642
2360 2501
2642 2501
2501 2359
2501 2643
2359 2501
2643 2501
2501 2358
2501 2644
2358 2501
2644 2501
2501 2357
2501 2645
2357 2501
2645 2501
2501 2356
2501 2646
2356 2501
2646 2501
2501 2355
2501 2647
2355 2501
2647 2501
2501 2354
2501 2648
2354 2501
2648 2501
2501 2353
2501 2649
2353 2501
2649 2501
2501 2352
2501 2650
2352 2501
2650 2501
2501 2351
2501 2651
2351 2501
2651 2501
2501 2350
2501 2652
2350 2501
2652 2501
2501 2349
2501 2653
2349 2501
2653 2501
2501 2348
2501 2654
2348 2501
2654 2501
2501 2347
2501 2655
2347 2501
2655 2501
2501 2346
2501 2656
2346 2501
2656 2501
2501 2345
2501 2657
2345 2501
2657 2501
2501 2344
2501 2658
2344 2501
2658 2501
2501 2343
2501 2659
2343 2501
2659 2501
2501 2342
2501 2660
2342 2501
2660 2501
2501 2341
2501 2661
2341 2501
2661 2501
2501 2340
2501 2662
2340 2501
2662 2501
2501 2339
2501 2663
2339 2501
2663 2501
2501 2338
2501 2664
2338 2501
2664 2501
2501 2337
2501 2665
2337 2501
2665 2501
2501 2336
2501 2666
2336 2501
2666 2501
2501 2335
2501 2667
2335 2501
2667 2501
2501 2334
2501 2668
2334 2501
2668 2501
2501 2333
2501 2669
2333 2501
2669 2501
2501 2332
2501 2670
2332 2501
2670 2501
2501 2331
2501 2671
2331 2501
2671 2501
2501 2330
2501 2672
2330 2501
2672 2501
2501 2329
2501 2673
2329 2501
2673 2501
2501 2328
2501 2674
2328 2501
2674 2501
2501 2327
2501 2675
2327 2501
2675 2501
2501 2326
2501 2676
2326 2501
2676 2501
2501 2325
2501 2677
2325 2501
2677 2501
2501 2324
2501 2678
2324 2501
2678 2501
2501 2323
2501 2679
2323 2501
2679 2501
2501 2322
2501 2680
2322 2501
2680 2501
2501 2321
2501 2681
2321 2501
2681 2501
2501 2320
2501 2682
2320 2501
2682 2501
2501 2319
2501 2683
2319 2501
2683 2501
2501 2318
2501 2684
2318 2501
2684 2501
2501 2317
2501 2685
2317 2501
2685 2501
2501 2316
2501 2686
2316 2501
2686 2501
2501 2315
2501 2687
2315 2501
2687 2501
2501 2314
2501 2688
2314 2501
2688 2501
2501 2313
2501 2689
2313 2501
2689 2501
2501 2312
2501 2690
2312 2501
2690 2501
2501 2311
2501 2691
2311 2501
2691 2501
2501 2310
2501 2692
2310 2501
2692 2501
2501 2309
2501 2693
2309 2501
2693 2501
2501 2308
2501 2694
2308 2501
2694 2501
2501 2307
2501 2695
2307 2501
2695 2501
2501 2306
2501 2696
2306 2501
2696 2501
2501 2305
2501 2697
2305 2501
2697 2501
2501 2304
2501 2698
2304 2501
2698 2501
2501 2303
2501 2699
2303 2501
2699 2501
2501 2302
2501 2700
2302 2501
2700 2501
2501 2301
2501 2701
2301 2501
2701 2501
2501 2300
2501 2702
2300 2501
2702 2501
2501 2299
2501 2703
2299 2501
2703 2501
2501 2298
2501 2704
2298 2501
2704 2501
2501 2297
2501 2705
2297 2501
2705 2501
2501 2296
2501 2706
2296 2501
2706 2501
2501 2295
2501 2707
2295 2501
2707 2501
2501 2294
2501 2708
2294 2501
2708 2501
2501 2293
2501 2709
2293 2501
2709 2501
2501 2292
2501 2710
2292 2501
2710 2501
2501 2291
2501 2711
2291 2501
2711 2501
2501 2290
2501 2712
2290 2501
2712 2501
2501 2289
2501 2713
2289 2501
2713 2501
2501 2288
2501 2714
2288 2501
2714 2501
2501 2287
2501 2715
2287 2501
2715 2501
2501 2286
2501 2716
2286 2501
2716 2501
2501 2285
2501 2717
2285 2501
2717 2501
2501 2284
2501 2718
2284 2501
2718 2501
2501 2283
2501 2719
2283 2501
2719 2501
2501 2282
2501 2720
2282 2501
2720 2501
2501 2281
2501 2721
2281 2501
2721 2501
2501 2280
2501 2722
2280 2501
2722 2501
2501 2279
2501 2723
2279 2501
2723 2501
2501 2278
2501 2724
2278 2501
2724 2501
2501 2277
2501 2725
2277 2501
2725 2501
2501 2276
2501 2726
2276 2501
2726 2501
2501 2275
2501 2727
2275 2501
2727 2501
2501 2274
2501 2728
2274 2501
2728 2501
2501 2273
2501 2729
2273 2501
2729 2501
2501 2272
2501 2730
2272 2501
2730 2501
2501 2271
2501 2731
2271 2501
2731 2501
2501 2270
2501 2732
2270 2501
2732 2501
2501 2269
2501 2733
2269 2501
2733 2501
2501 2268
2501 2734
2268 2501
2734 2501
2501 2267
2501 2735
2267 2501
2735 2501
2501 2266
2501 2736
2266 2501
2736 2501
2501 2265
2501 2737
2265 2501
2737 2501
2501 2264
2501 2738
2264 2501
2738 2501
2501 2263
2501 2739
2263 2501
2739 2501
2501 2262
2501 2740
2262 2501
2740 2501
2501 2261
2501 2741
2261 2501
2741 2501
2501 2260
2501 2742
2260 2501
2742 2501
2501 2259
2501 2743
2259 2501
2743 2501
2501 2258
2501 2744
2258 2501
2744 2501
2501 2257
2501 2745
2257 2501
2745 2501
2501 2256
2501 2746
2256 2501
2746 2501
2501 2255
2501 2747
2255 2501
2747 2501
2501 2254
2501 2748
2254 2501
2748 2501
2501 2253
2501 2749
2253 2501
2749 2501
2501 2252
2501 2750
2252 2501
2750 2501
2501 2251
2501 2751
2251 2501
2751 2501
2501 2250
2501 2752
2250 2501
2752 2501
2501 2249
2501 2753
2249 2501
2753 2501
2501 2248
2501 2754
2248 2501
2754 2501
2501 2247
2501 2755
2247 2501
2755 2501
2501 2246
2501 2756
2246 2501
2756 2501
2501 2245
2501 2757
2245 2501
2757 2501
2501 2244
2501 2758
2244 2501
2758 2501
2501 2243
2501 2759
2243 2501
2759 2501
2501 2242
2501 2760
2242 2501
2760 2501
2501 2241
2501 2761
2241 2501
2761 2501
2501 2240
2501 2762
2240 2501
2762 2501
2501 2239
2501 2763
2239 2501
2763 2501
2501 2238
2501 2764
2238 2501
2764 2501
2501 2237
2501 2765
2237 2501
2765 2501
2501 2236
2501 2766
2236 2501
2766 2501
2501 2235
2501 2767
2235 2501
2767 2501
2501 2234
2501 2768
2234 2501
2768 2501
2501 2233
2501 2769
2233 2501
2769 2501
2501 2232
2501 2770
2232 2501
2770 2501
2501 2231
2501 2771
2231 2501
2771 2501
2501 2230
2501 2772
2230 2501
2772 2501
2501 2229
2501 2773
2229 2501
2773 2501
2501 2228
2501 2774
2228 2501
2774 2501
2501 2227
2501 2775
2227 2501
2775 2501
2501 2226
2501 2776
2226 2501
2776 2501
2501 2225
2501 2777
2225 2501
2777 2501
2501 2224
2501 2778
2224 2501
2778 2501
2501 2223
2501 2779
2223 2501
2779 2501
2501 2222
2501 2780
2222 2501
2780 2501
2501 2221
2501 2781
2221 2501
2781 2501
2501 2220
2501 2782
2220 2501
2782 2501
2501 2219
2501 2783
2219 2501
2783 2501
2501 2218
2501 2784
2218 2501
2784 2501
2501 2217
2501 2785
2217 2501
2785 2501
2501 2216
2501 2786
2216 2501
2786 2501
2501 2215
2501 2787
2215 2501
2787 2501
2501 2214
2501 2788
2214 2501
2788 2501
2501 2213
2501 2789
2213 2501
2789 2501
2501 2212
2501 2790
2212 2501
2790 2501
2501 2211
2501 2791
2211 2501
2791 2501
2501 2210
2501 2792
2210 2501
2792 2501
2501 2209
2501 2793
2209 2501
2793 2501
2501 2208
2501 2794
2208 2501
2794 2501
2501 2207
2501 2795
2207 2501
2795 2501
2501 2206
2501 2796
2206 2501
2796 2501
2501 2205
2501 2797
2205 2501
2797 2501
2501 2204
2501 2798
2204 2501
2798 2501
2501 2203
2501 2799
2203 2501
2799 2501
2501 2202
2501 2800
2202 2501
2800 2501
2501 2201
2501 2801
2201 2501
2801 2501
2501 2200
2501 2802
2200 2501
2802 2501
2501 2199
2501 2803
2199 2501
2803 2501
2501 2198
2501 2804
2198 2501
2804 2501
2501 2197
2501 2805
2197 2501
2805 2501
2501 2196
2501 2806
2196 2501
2806 2501
2501 2195
2501 2807
2195 2501
2807 2501
2501 2194
2501 2808
2194 2501
2808 2501
2501 2193
2501 2809
2193 2501
2809 2501
2501 2192
2501 2810
2192 2501
2810 2501
2501 2191
2501 2811
2191 2501
2811 2501
2501 2190
2501 2812
2190 2501
2812 2501
2501 2189
2501 2813
2189 2501
2813 2501
2501 2188
2501 2814
2188 2501
2814 2501
2501 2187
2501 2815
2187 2501
2815 2501
2501 2186
2501 2816
2186 2501
2816 2501
2501 2185
2501 2817
2185 2501
2817 2501
2501 2184
2501 2818
2184 2501
2818 2501
2501 2183
2501 2819
2183 2501
2819 2501
2501 2182
2501 2820
2182 2501
2820 2501
2501 2181
2501 2821
2181 2501
2821 2501
2501 2180
2501 2822
2180 2501
2822 2501
2501 2179
2501 2823
2179 2501
2823 2501
2501 2178
2501 2824
2178 2501
2824 2501
2501 2177
2501 2825
2177 2501
2825 2501
2501 2176
2501 2826
2176 2501
2826 2501
2501 2175
2501 2827
2175 2501
2827 2501
2501 2174
2501 2828
2174 2501
2828 2501
2501 2173
2501 2829
2173 2501
2829 2501
2501 2172
2501 2830
2172 2501
2830 2501
2501 2171
2501 2831
2171 2501
2831 2501
2501 2170
2501 2832
2170 2501
2832 2501
2501 2169
2501 2833
2169 2501
2833 2501
2501 2168
2501 2834
2168 2501
2834 2501
2501 2167
2501 2835
2167 2501
2835 2501
2501 2166
2501 2836
2166 2501
2836 2501
2501 2165
2501 2837
2165 2501
2837 2501
2501 2164
2501 2838
2164 2501
2838 2501
2501 2163
2501 2839
2163 2501
2839 2501
2501 2162
2501 2840
2162 2501
2840 2501
2501 2161
2501 2841
2161 2501
2841 2501
2501 2160
2501 2842
2160 2501
2842 2501
2501 2159
2501 2843
2159 2501
2843 2501
2501 2158
2501 2844
2158 2501
2844 2501
2501 2157
2501 2845
2157 2501
2845 2501
2501 2156
2501 2846
2156 2501
2846 2501
2501 2155
2501 2847
2155 2501
2847 2501
2501 2154
2501 2848
2154 2501
2848 2501
2501 2153
2501 2849
2153 2501
2849 2501
2501 2152
2501 2850
2152 2501
2850 2501
2501 2151
2501 2851
2151 2501
2851 2501
2501 2150
2501 2852
2150 2501
2852 2501
2501 2149
2501 2853
2149 2501
2853 2501
2501 2148
2501 2854
2148 2501
2854 2501
2501 2147
2501 2855
2147 2501
2855 2501
2501 2146
2501 2856
2146 2501
2856 2501
2501 2145
2501 2857
2145 2501
2857 2501
2501 2144
2501 2858
2144 2501
2858 2501
2501 2143
2501 2859
2143 2501
2859 2501
2501 2142
2501 2860
2142 2501
2860 2501
2501 2141
2501 2861
2141 2501
2861 2501
2501 2140
2501 2862
2140 2501
2862 2501
2501 2139
2501 2863
2139 2501
2863 2501
2501 2138
2501 2864
2138 2501
2864 2501
2501 2137
2501 2865
2137 2501
2865 2501
2501 2136
2501 2866
2136 2501
2866 2501
2501 2135
2501 2867
2135 2501
2867 2501
2501 2134
2501 2868
2134 2501
2868 2501
2501 2133
2501 2869
2133 2501
2869 2501
2501 2132
2501 2870
2132 2501
2870 2501
2501 2131
2501 2871
2131 2501
2871 2501
2501 2130
2501 2872
2130 2501
2872 2501
2501 2129
2501 2873
2129 2501
2873 2501
2501 2128
2501 2874
2128 2501
2874 2501
2501 2127
2501 2875
2127 2501
2875 2501
2501 2126
2501 2876
2126 2501
2876 2501
2501 2125
2501 2877
2125 2501
2877 2501
2501 2124
2501 2878
2124 2501
2878 2501
2501 2123
2501 2879
2123 2501
2879 2501
2501 2122
2501 2880
2122 2501
2880 2501
2501 2121
2501 2881
2121 2501
2881 2501
2501 2120
2501 2882
2120 2501
2882 2501
2501 2119
2501 2883
2119 2501
2883 2501
2501 2118
2501 2884
2118 2501
2884 2501
2501 2117
2501 2885
2117 2501
2885 2501
2501 2116
2501 2886
2116 2501
2886 2501
2501 2115
2501 2887
2115 2501
2887 2501
2501 2114
2501 2888
2114 2501
2888 2501
2501 2113
2501 2889
2113 2501
2889 2501
2501 2112
2501 2890
2112 2501
2890 2501
2501 2111
2501 2891
2111 2501
2891 2501
2501 2110
2501 2892
2110 2501
2892 2501
2501 2109
2501 2893
2109 2501
2893 2501
2501 2108
2501 2894
2108 2501
2894 2501
2501 2107
2501 2895
2107 2501
2895 2501
2501 2106
2501 2896
2106 2501
2896 2501
2501 2105
2501 2897
2105 2501
2897 2501
2501 2104
2501 2898
2104 2501
2898 2501
2501 2103
2501 2899
2103 2501
2899 2501
2501 2102
2501 2900
2102 2501
2900 2501
2501 2101
2501 2901
2101 2501
2901 2501
2501 2100
2501 2902
2100 2501
2902 2501
2501 2099
2501 2903
2099 2501
2903 2501
2501 2098
2501 2904
2098 2501
2904 2501
2501 2097
2501 2905
2097 2501
2905 2501
2501 2096
2501 2906
2096 2501
2906 2501
2501 2095
2501 2907
2095 2501
2907 2501
2501 2094
2501 2908
2094 2501
2908 2501
2501 2093
2501 2909
2093 2501
2909 2501
2501 2092
2501 2910
2092 2501
2910 2501
2501 2091
2501 2911
2091 2501
2911 2501
2501 2090
2501 2912
2090 2501
2912 2501
2501 2089
2501 2913
2089 2501
2913 2501
2501 2088
2501 2914
2088 2501
2914 2501
2501 2087
2501 2915
2087 2501
2915 2501
2501 2086
2501 2916
2086 2501
2916 2501
2501 2085
2501 2917
2085 2501
2917 2501
2501 2084
2501 2918
2084 2501
2918 2501
2501 2083
2501 2919
2083 2501
2919 2501
2501 2082
2501 2920
2082 2501
2920 2501
2501 2081
2501 2921
2081 2501
2921 2501
2501 2080
2501 2922
2080 2501
2922 2501
2501 2079
2501 2923
2079 2501
2923 2501
2501 2078
2501 2924
2078 2501
2924 2501
2501 2077
2501 2925
2077 2501
2925 2501
2501 2076
2501 2926
2076 2501
2926 2501
2501 2075
2501 2927
2075 2501
2927 2501
2501 2074
2501 2928
2074 2501
2928 2501
2501 2073
2501 2929
2073 2501
2929 2501
2501 2072
2501 2930
2072 2501
2930 2501
2501 2071
2501 2931
2071 2501
2931 2501
2501 2070
2501 2932
2070 2501
2932 2501
2501 2069
2501 2933
2069 2501
2933 2501
2501 2068
2501 2934
2068 2501
2934 2501
2501 2067
2501 2935
2067 2501
2935 2501
2501 2066
2501 2936
2066 2501
2936 2501
2501 2065
2501 2937
2065 2501
2937 2501
2501 2064
2501 2938
2064 2501
2938 2501
2501 2063
2501 2939
2063 2501
2939 2501
2501 2062
2501 2940
2062 2501
2940 2501
2501 2061
2501 2941
2061 2501
2941 2501
2501 2060
2501 2942
2060 2501
2942 2501
2501 2059
2501 2943
2059 2501
2943 2501
2501 2058
2501 2944
2058 2501
2944 2501
2501 2057
2501 2945
2057 2501
2945 2501
2501 2056
2501 2946
2056 2501
2946 2501
2501 2055
2501 2947
2055 2501
2947 2501
2501 2054
2501 2948
2054 2501
2948 2501
2501 2053
2501 2949
2053 2501
2949 2501
2501 2052
2501 2950
2052 2501
2950 2501
2501 2051
2501 2951
2051 2501
2951 2501
2501 2050
2501 2952
2050 2501
2952 2501
2501 2049
2501 2953
2049 2501
2953 2501
2501 2048
2501 2954
2048 2501
2954 2501
2501 2047
2501 2955
2047 2501
2955 2501
2501 2046
2501 2956
2046 2501
2956 2501
2501 2045
2501 2957
2045 2501
2957 2501
2501 2044
2501 2958
2044 2501
2958 2501
2501 2043
2501 2959
2043 2501
2959 2501
2501 2042
2501 2960
2042 2501
2960 2501
2501 2041
2501 2961
2041 2501
2961 2501
2501 2040
2501 2962
2040 2501
2962 2501
2501 2039
2501 2963
2039 2501
2963 2501
2501 2038
2501 2964
2038 2501
2964 2501
2501 2037
2501 2965
2037 2501
2965 2501
2501 2036
2501 2966
2036 2501
2966 2501
2501 2035
2501 2967
2035 2501
2967 2501
2501 2034
2501 2968
2034 2501
2968 2501
2501 2033
2501 2969
2033 2501
2969 2501
2501 2032
2501 2970
2032 2501
2970 2501
2501 2031
2501 2971
2031 2501
2971 2501
2501 2030
2501 2972
2030 2501
2972 2501
2501 2029
2501 2973
2029 2501
2973 2501
2501 2028
2501 2974
2028 2501
2974 2501
2501 2027
2501 2975
2027 2501
2975 2501
2501 2026
2501 2976
2026 2501
2976 2501
2501 2025
2501 2977
2025 2501
2977 2501
2501 2024
2501 2978
2024 2501
2978 2501
2501 2023
2501 2979
2023 2501
2979 2501
2501 2022
2501 2980
2022 2501
2980 2501
2501 2021
2501 2981
2021 2501
2981 2501
2501 2020
2501 2982
2020 2501
2982 2501
2501 2019
2501 2983
2019 2501
2983 2501
2501 2018
2501 2984
2018 2501
2984 2501
2501 2017
2501 2985
2017 2501
2985 2501
2501 2016
2501 2986
2016 2501
2986 2501
2501 2015
2501 2987
2015 2501
2987 2501
2501 2014
2501 2988
2014 2501
2988 2501
2501 2013
2501 2989
2013 2501
2989 2501
2501 2012
2501 2990
2012 2501
2990 2501
2501 2011
2501 2991
2011 2501
2991 2501
2501 2010
2501 2992
2010 2501
2992 2501
2501 2009
2501 2993
2009 2501
2993 2501
2501 2008
2501 2994
2008 2501
2994 2501
2501 2007
2501 2995
2007 2501
2995 2501
2501 2006
2501 2996
2006 2501
2996 2501
2501 2005
2501 2997
2005 2501
2997 2501
2501 2004
2501 2998
2004 2501
2998 2501
2501 2003
2501 2999
2003 2501
2999 2501
2501 2002
2501 3000
2002 2501
3000 2501
2501 2001
2501 3001
2001 2501
3001 2501
2501 2000
2501 3002
2000 2501
3002 2501
2501 1999
2501 3003
1999 2501
3003 2501
2501 1998
2501 3004
1998 2501
3004 2501
2501 1997
2501 3005
1997 2501
3005 2501
2501 1996
2501 3006
1996 2501
3006 2501
2501 1995
2501 3007
1995 2501
3007 2501
2501 1994
2501 3008
1994 2501
3008 2501
2501 1993
2501 3009
1993 2501
3009 2501
2501 1992
2501 3010
1992 2501
3010 2501
2501 1991
2501 3011
1991 2501
3011 2501
2501 1990
2501 3012
1990 2501
3012 2501
2501 1989
2501 3013
1989 2501
3013 2501
2501 1988
2501 3014
1988 2501
3014 2501
2501 1987
2501 3015
1987 2501
3015 2501
2501 1986
2501 3016
1986 2501
3016 2501
2501 1985
2501 3017
1985 2501
3017 2501
2501 1984
2501 3018
1984 2501
3018 2501
2501 1983
2501 3019
1983 2501
3019 2501
2501 1982
2501 3020
1982 2501
3020 2501
2501 1981
2501 3021
1981 2501
3021 2501
2501 1980
2501 3022
1980 2501
3022 2501
2501 1979
2501 3023
1979 2501
3023 2501
2501 1978
2501 3024
1978 2501
3024 2501
2501 1977
2501 3025
1977 2501
3025 2501
2501 1976
2501 3026
1976 2501
3026 2501
2501 1975
2501 3027
1975 2501
3027 2501
2501 1974
2501 3028
1974 2501
3028 2501
2501 1973
2501 3029
1973 2501
3029 2501
2501 1972
2501 3030
1972 2501
3030 2501
2501 1971
2501 3031
1971 2501
3031 2501
2501 1970
2501 3032
1970 2501
3032 2501
2501 1969
2501 3033
1969 2501
3033 2501
2501 1968
2501 3034
1968 2501
3034 2501
2501 1967
2501 3035
1967 2501
3035 2501
2501 1966
2501 3036
1966 2501
3036 2501
2501 1965
2501 3037
1965 2501
3037 2501
2501 1964
2501 3038
1964 2501
3038 2501
2501 1963
2501 3039
1963 2501
3039 2501
2501 1962
2501 3040
1962 2501
3040 2501
2501 1961
2501 3041
1961 2501
3041 2501
2501 1960
2501 3042
1960 2501
3042 2501
2501 1959
2501 3043
1959 2501
3043 2501
2501 1958
2501 3044
1958 2501
3044 2501
2501 1957
2501 3045
1957 2501
3045 2501
2501 1956
2501 3046
1956 2501
3046 2501
2501 1955
2501 3047
1955 2501
3047 2501
2501 1954
2501 3048
1954 2501
3048 2501
2501 1953
2501 3049
1953 2501
3049 2501
2501 1952
2501 3050
1952 2501
3050 2501
2501 1951
2501 3051
1951 2501
3051 2501
2501 1950
2501 3052
1950 2501
3052 2501
2501 1949
2501 3053
1949 2501
3053 2501
2501 1948
2501 3054
1948 2501
3054 2501
2501 1947
2501 3055
1947 2501
3055 2501
2501 1946
2501 3056
1946 2501
3056 2501
2501 1945
2501 3057
1945 2501
3057 2501
2501 1944
2501 3058
1944 2501
3058 2501
2501 1943
2501 3059
1943 2501
3059 2501
2501 1942
2501 3060
1942 2501
3060 2501
2501 1941
2501 3061
1941 2501
3061 2501
2501 1940
2501 3062
1940 2501
3062 2501
2501 1939
2501 3063
1939 2501
3063 2501
2501 1938
2501 3064
1938 2501
3064 2501
2501 1937
2501 3065
1937 2501
3065 2501
2501 1936
2501 3066
1936 2501
3066 2501
2501 1935
2501 3067
1935 2501
3067 2501
2501 1934
2501 3068
1934 2501
3068 2501
2501 1933
2501 3069
1933 2501
3069 2501
2501 1932
2501 3070
1932 2501
3070 2501
2501 1931
2501 3071
1931 2501
3071 2501
2501 1930
2501 3072
1930 2501
3072 2501
2501 1929
2501 3073
1929 2501
3073 2501
2501 1928
2501 3074
1928 2501
3074 2501
2501 1927
2501 3075
1927 2501
3075 2501
2501 1926
2501 3076
1926 2501
3076 2501
2501 1925
2501 3077
1925 2501
3077 2501
2501 1924
2501 3078
1924 2501
3078 2501
2501 1923
2501 3079
1923 2501
3079 2501
2501 1922
2501 3080
1922 2501
3080 2501
2501 1921
2501 3081
1921 2501
3081 2501
2501 1920
2501 3082
1920 2501
3082 2501
2501 1919
2501 3083
1919 2501
3083 2501
2501 1918
2501 3084
1918 2501
3084 2501
2501 1917
2501 3085
1917 2501
3085 2501
2501 1916
2501 3086
1916 2501
3086 2501
2501 1915
2501 3087
1915 2501
3087 2501
2501 1914
2501 3088
1914 2501
3088 2501
2501 1913
2501 3089
1913 2501
3089 2501
2501 1912
2501 3090
1912 2501
3090 2501
2501 1911
2501 3091
1911 2501
3091 2501
2501 1910
2501 3092
1910 2501
3092 2501
2501 1909
2501 3093
1909 2501
3093 2501
2501 1908
2501 3094
1908 2501
3094 2501
2501 1907
2501 3095
1907 2501
3095 2501
2501 1906
2501 3096
1906 2501
3096 2501
2501 1905
2501 3097
1905 2501
3097 2501
2501 1904
2501 3098
1904 2501
3098 2501
2501 1903
2501 3099
1903 2501
3099 2501
2501 1902
2501 3100
1902 2501
3100 2501
2501 1901
2501 3101
1901 2501
3101 2501
2501 1900
2501 3102
1900 2501
3102 2501
2501 1899
2501 3103
1899 2501
3103 2501
2501 1898
2501 3104
1898 2501
3104 2501
2501 1897
2501 3105
1897 2501
3105 2501
2501 1896
2501 3106
1896 2501
3106 2501
2501 1895
2501 3107
1895 2501
3107 2501
2501 1894
2501 3108
1894 2501
3108 2501
2501 1893
2501 3109
1893 2501
3109 2501
2501 1892
2501 3110
1892 2501
3110 2501
2501 1891
2501 3111
1891 2501
3111 2501
2501 1890
2501 3112
1890 2501
3112 2501
2501 1889
2501 3113
1889 2501
3113 2501
2501 1888
2501 3114
1888 2501
3114 2501
2501 1887
2501 3115
1887 2501
3115 2501
2501 1886
2501 3116
1886 2501
3116 2501
2501 1885
2501 3117
1885 2501
3117 2501
2501 1884
2501 3118
1884 2501
3118 2501
2501 1883
2501 3119
1883 2501
3119 2501
2501 1882
2501 3120
1882 2501
3120 2501
2501 1881
2501 3121
1881 2501
3121 2501
2501 1880
2501 3122
1880 2501
3122 2501
2501 1879
2501 3123
1879 2501
3123 2501
2501 1878
2501 3124
1878 2501
3124 2501
2501 1877
2501 3125
1877 2501
3125 2501
2501 1876
2501 3126
1876 2501
3126 2501
2501 1875
2501 3127
1875 2501
3127 2501
2501 1874
2501 3128
1874 2501
3128 2501
2501 1873
2501 3129
1873 2501
3129 2501
2501 1872
2501 3130
1872 2501
3130 2501
2501 1871
2501 3131
1871 2501
3131 2501
2501 1870
2501 3132
1870 2501
3132 2501
2501 1869
2501 3133
1869 2501
3133 2501
2501 1868
2501 3134
1868 2501
3134 2501
2501 1867
2501 3135
1867 2501
3135 2501
2501 1866
2501 3136
1866 2501
3136 2501
2501 1865
2501 3137
1865 2501
3137 2501
2501 1864
2501 3138
1864 2501
3138 2501
2501 1863
2501 3139
1863 2501
3139 2501
2501 1862
2501 3140
1862 2501
3140 2501
2501 1861
2501 3141
1861 2501
3141 2501
2501 1860
2501 3142
1860 2501
3142 2501
2501 1859
2501 3143
1859 2501
3143 2501
2501 1858
2501 3144
1858 2501
3144 2501
2501 1857
2501 3145
1857 2501
3145 2501
2501 1856
2501 3146
1856 2501
3146 2501
2501 1855
2501 3147
1855 2501
3147 2501
2501 1854
2501 3148
1854 2501
3148 2501
2501 1853
2501 3149
1853 2501
3149 2501
2501 1852
2501 3150
1852 2501
3150 2501
2501 1851
2501 3151
1851 2501
3151 2501
2501 1850
2501 3152
1850 2501
3152 2501
2501 1849
2501 3153
1849 2501
3153 2501
2501 1848
2501 3154
1848 2501
3154 2501
2501 1847
2501 3155
1847 2501
3155 2501
2501 1846
2501 3156
1846 2501
3156 2501
2501 1845
2501 3157
1845 2501
3157 2501
2501 1844
2501 3158
1844 2501
3158 2501
2501 1843
2501 3159
1843 2501
3159 2501
2501 1842
2501 3160
1842 2501
3160 2501
2501 1841
2501 3161
1841 2501
3161 2501
2501 1840
2501 3162
1840 2501
3162 2501
2501 1839
2501 3163
1839 2501
3163 2501
2501 1838
2501 3164
1838 2501
3164 2501
2501 1837
2501 3165
1837 2501
3165 2501
2501 1836
2501 3166
1836 2501
3166 2501
2501 1835
2501 3167
1835 2501
3167 2501
2501 1834
2501 3168
1834 2501
3168 2501
2501 1833
2501 3169
1833 2501
3169 2501
2501 1832
2501 3170
1832 2501
3170 2501
2501 1831
2501 3171
1831 2501
3171 2501
2501 1830
2501 3172
1830 2501
3172 2501
2501 1829
2501 3173
1829 2501
3173 2501
2501 1828
2501 3174
1828 2501
3174 2501
2501 1827
2501 3175
1827 2501
3175 2501
2501 1826
2501 3176
1826 2501
3176 2501
2501 1825
2501 3177
1825 2501
3177 2501
2501 1824
2501 3178
1824 2501
3178 2501
2501 1823
2501 3179
1823 2501
3179 2501
2501 1822
2501 3180
1822 2501
3180 2501
2501 1821
2501 3181
1821 2501
3181 2501
2501 1820
2501 3182
1820 2501
3182 2501
2501 1819
2501 3183
1819 2501
3183 2501
2501 1818
2501 3184
1818 2501
3184 2501
2501 1817
2501 3185
1817 2501
3185 2501
2501 1816
2501 3186
1816 2501
3186 2501
2501 1815
2501 3187
1815 2501
3187 2501
2501 1814
2501 3188
1814 2501
3188 2501
2501 1813
2501 3189
1813 2501
3189 2501
2501 1812
2501 3190
1812 2501
3190 2501
2501 1811
2501 3191
1811 2501
3191 2501
2501 1810
2501 3192
1810 2501
3192 2501
2501 1809
2501 3193
1809 2501
3193 2501
2501 1808
2501 3194
1808 2501
3194 2501
2501 1807
2501 3195
1807 2501
3195 2501
2501 1806
2501 3196
1806 2501
3196 2501
2501 1805
2501 3197
1805 2501
3197 2501
2501 1804
2501 3198
1804 2501
3198 2501
2501 1803
2501 3199
1803 2501
3199 2501
2501 1802
2501 3200
1802 2501
3200 2501
2501 1801
2501 3201
1801 2501
3201 2501
2501 1800
2501 3202
1800 2501
3202 2501
2501 1799
2501 3203
1799 2501
3203 2501
2501 1798
2501 3204
1798 2501
3204 2501
2501 1797
2501 3205
1797 2501
3205 2501
2501 1796
2501 3206
1796 2501
3206 2501
2501 1795
2501 3207
1795 2501
3207 2501
2501 1794
2501 3208
1794 2501
3208 2501
2501 1793
2501 3209
1793 2501
3209 2501
2501 1792
2501 3210
1792 2501
3210 2501
2501 1791
2501 3211
1791 2501
3211 2501
2501 1790
2501 3212
1790 2501
3212 2501
2501 1789
2501 3213
1789 2501
3213 2501
2501 1788
2501 3214
1788 2501
3214 2501
2501 1787
2501 3215
1787 2501
3215 2501
2501 1786
2501 3216
1786 2501
3216 2501
2501 1785
2501 3217
1785 2501
3217 2501
2501 1784
2501 3218
1784 2501
3218 2501
2501 1783
2501 3219
1783 2501
3219 2501
2501 1782
2501 3220
1782 2501
3220 2501
2501 1781
2501 3221
1781 2501
3221 2501
2501 1780
2501 3222
1780 2501
3222 2501
2501 1779
2501 3223
1779 2501
3223 2501
2501 1778
2501 3224
1778 2501
3224 2501
2501 1777
2501 3225
1777 2501
3225 2501
2501 1776
2501 3226
1776 2501
3226 2501
2501 1775
2501 3227
1775 2501
3227 2501
2501 1774
2501 3228
1774 2501
3228 2501
2501 1773
2501 3229
1773 2501
3229 2501
2501 1772
2501 3230
1772 2501
3230 2501
2501 1771
2501 3231
1771 2501
3231 2501
2501 1770
2501 3232
1770 2501
3232 2501
2501 1769
2501 3233
1769 2501
3233 2501
2501 1768
2501 3234
1768 2501
3234 2501
2501 1767
2501 3235
1767 2501
3235 2501
2501 1766
2501 3236
1766 2501
3236 2501
2501 1765
2501 3237
1765 2501
3237 2501
2501 1764
2501 3238
1764 2501
3238 2501
2501 1763
2501 3239
1763 2501
3239 2501
2501 1762
2501 3240
1762 2501
3240 2501
2501 1761
2501 3241
1761 2501
3241 2501
2501 1760
2501 3242
1760 2501
3242 2501
2501 1759
2501 3243
1759 2501
3243 2501
2501 1758
2501 3244
1758 2501
3244 2501
2501 1757
2501 3245
1757 2501
3245 2501
2501 1756
2501 3246
1756 2501
3246 2501
2501 1755
2501 3247
1755 2501
3247 2501
2501 1754
2501 3248
1754 2501
3248 2501
2501 1753
2501 3249
1753 2501
3249 2501
2501 1752
2501 3250
1752 2501
3250 2501
2501 1751
2501 3251
1751 2501
3251 2501
2501 1750
2501 3252
1750 2501
3252 2501
2501 1749
2501 3253
1749 2501
3253 2501
2501 1748
2501 3254
1748 2501
3254 2501
2501 1747
2501 3255
1747 2501
3255 2501
2501 1746
2501 3256
1746 2501
3256 2501
2501 1745
2501 3257
1745 2501
3257 2501
2501 1744
2501 3258
1744 2501
3258 2501
2501 1743
2501 3259
1743 2501
3259 2501
2501 1742
2501 3260
1742 2501
3260 2501
2501 1741
2501 3261
1741 2501
3261 2501
2501 1740
2501 3262
1740 2501
3262 2501
2501 1739
2501 3263
1739 2501
3263 2501
2501 1738
2501 3264
1738 2501
3264 2501
2501 1737
2501 3265
1737 2501
3265 2501
2501 1736
2501 3266
1736 2501
3266 2501
2501 1735
2501 3267
1735 2501
3267 2501
2501 1734
2501 3268
1734 2501
3268 2501
2501 1733
2501 3269
1733 2501
3269 2501
2501 1732
2501 3270
1732 2501
3270 2501
2501 1731
2501 3271
1731 2501
3271 2501
2501 1730
2501 3272
1730 2501
3272 2501
2501 1729
2501 3273
1729 2501
3273 2501
2501 1728
2501 3274
1728 2501
3274 2501
2501 1727
2501 3275
1727 2501
3275 2501
2501 1726
2501 3276
1726 2501
3276 2501
2501 1725
2501 3277
1725 2501
3277 2501
2501 1724
2501 3278
1724 2501
3278 2501
2501 1723
2501 3279
1723 2501
3279 2501
2501 1722
2501 3280
1722 2501
3280 2501
2501 1721
2501 3281
1721 2501
3281 2501
2501 1720
2501 3282
1720 2501
3282 2501
2501 1719
2501 3283
1719 2501
3283 2501
2501 1718
2501 3284
1718 2501
3284 2501
2501 1717
2501 3285
1717 2501
3285 2501
2501 1716
2501 3286
1716 2501
3286 2501
2501 1715
2501 3287
1715 2501
3287 2501
2501 1714
2501 3288
1714 2501
3288 2501
2501 1713
2501 3289
1713 2501
3289 2501
2501 1712
2501 3290
1712 2501
3290 2501
2501 1711
2501 3291
1711 2501
3291 2501
2501 1710
2501 3292
1710 2501
3292 2501
2501 1709
2501 3293
1709 2501
3293 2501
2501 1708
2501 3294
1708 2501
3294 2501
2501 1707
2501 3295
1707 2501
3295 2501
2501 1706
2501 3296
1706 2501
3296 2501
2501 1705
2501 3297
1705 2501
3297 2501
2501 1704
2501 3298
1704 2501
3298 2501
2501 1703
2501 3299
1703 2501
3299 2501
2501 1702
2501 3300
1702 2501
3300 2501
2501 1701
2501 3301
1701 2501
3301 2501
2501 1700
2501 3302
1700 2501
3302 2501
2501 1699
2501 3303
1699 2501
3303 2501
2501 1698
2501 3304
1698 2501
3304 2501
2501 1697
2501 3305
1697 2501
3305 2501
2501 1696
2501 3306
1696 2501
3306 2501
2501 1695
2501 3307
1695 2501
3307 2501
2501 1694
2501 3308
1694 2501
3308 2501
2501 1693
2501 3309
1693 2501
3309 2501
2501 1692
2501 3310
1692 2501
3310 2501
2501 1691
2501 3311
1691 2501
3311 2501
2501 1690
2501 3312
1690 2501
3312 2501
2501 1689
2501 3313
1689 2501
3313 2501
2501 1688
2501 3314
1688 2501
3314 2501
2501 1687
2501 3315
1687 2501
3315 2501
2501 1686
2501 3316
1686 2501
3316 2501
2501 1685
2501 3317
1685 2501
3317 2501
2501 1684
2501 3318
1684 2501
3318 2501
2501 1683
2501 3319
1683 2501
3319 2501
2501 1682
2501 3320
1682 2501
3320 2501
2501 1681
2501 3321
1681 2501
3321 2501
2501 1680
2501 3322
1680 2501
3322 2501
2501 1679
2501 3323
1679 2501
3323 2501
2501 1678
2501 3324
1678 2501
3324 2501
2501 1677
2501 3325
1677 2501
3325 2501
2501 1676
2501 3326
1676 2501
3326 2501
2501 1675
2501 3327
1675 2501
3327 2501
2501 1674
2501 3328
1674 2501
3328 2501
2501 1673
2501 3329
1673 2501
3329 2501
2501 1672
2501 3330
1672 2501
3330 2501
2501 1671
2501 3331
1671 2501
3331 2501
2501 1670
2501 3332
1670 2501
3332 2501
2501 1669
2501 3333
1669 2501
3333 2501
2501 1668
2501 3334
1668 2501
3334 2501
2501 1667
2501 3335
1667 2501
3335 2501
2501 1666
2501 3336
1666 2501
3336 2501
2501 1665
2501 3337
1665 2501
3337 2501
2501 1664
2501 3338
1664 2501
3338 2501
2501 1663
2501 3339
1663 2501
3339 2501
2501 1662
2501 3340
1662 2501
3340 2501
2501 1661
2501 3341
1661 2501
3341 2501
2501 1660
2501 3342
1660 2501
3342 2501
2501 1659
2501 3343
1659 2501
3343 2501
2501 1658
2501 3344
1658 2501
3344 2501
2501 1657
2501 3345
1657 2501
3345 2501
2501 1656
2501 3346
1656 2501
3346 2501
2501 1655
2501 3347
1655 2501
3347 2501
2501 1654
2501 3348
1654 2501
3348 2501
2501 1653
2501 3349
1653 2501
3349 2501
2501 1652
2501 3350
1652 2501
3350 2501
2501 1651
2501 3351
1651 2501
3351 2501
2501 1650
2501 3352
1650 2501
3352 2501
2501 1649
2501 3353
1649 2501
3353 2501
2501 1648
2501 3354
1648 2501
3354 2501
2501 1647
2501 3355
1647 2501
3355 2501
2501 1646
2501 3356
1646 2501
3356 2501
2501 1645
2501 3357
1645 2501
3357 2501
2501 1644
2501 3358
1644 2501
3358 2501
2501 1643
2501 3359
1643 2501
3359 2501
2501 1642
2501 3360
1642 2501
3360 2501
2501 1641
2501 3361
1641 2501
3361 2501
2501 1640
2501 3362
1640 2501
3362 2501
2501 1639
2501 3363
1639 2501
3363 2501
2501 1638
2501 3364
1638 2501
3364 2501
2501 1637
2501 3365
1637 2501
3365 2501
2501 1636
2501 3366
1636 2501
3366 2501
2501 1635
2501 3367
1635 2501
3367 2501
2501 1634
2501 3368
1634 2501
3368 2501
2501 1633
2501 3369
1633 2501
3369 2501
2501 1632
2501 3370
1632 2501
3370 2501
2501 1631
2501 3371
1631 2501
3371 2501
2501 1630
2501 3372
1630 2501
3372 2501
2501 1629
2501 3373
1629 2501
3373 2501
2501 1628
2501 3374
1628 2501
3374 2501
2501 1627
2501 3375
1627 2501
3375 2501
2501 1626
2501 3376
1626 2501
3376 2501
2501 1625
2501 3377
1625 2501
3377 2501
2501 1624
2501 3378
1624 2501
3378 2501
2501 1623
2501 3379
1623 2501
3379 2501
2501 1622
2501 3380
1622 2501
3380 2501
2501 1621
2501 3381
1621 2501
3381 2501
2501 1620
2501 3382
1620 2501
3382 2501
2501 1619
2501 3383
1619 2501
3383 2501
2501 1618
2501 3384
1618 2501
3384 2501
2501 1617
2501 3385
1617 2501
3385 2501
2501 1616
2501 3386
1616 2501
3386 2501
2501 1615
2501 3387
1615 2501
3387 2501
2501 1614
2501 3388
1614 2501
3388 2501
2501 1613
2501 3389
1613 2501
3389 2501
2501 1612
2501 3390
1612 2501
3390 2501
2501 1611
2501 3391
1611 2501
3391 2501
2501 1610
2501 3392
1610 2501
3392 2501
2501 1609
2501 3393
1609 2501
3393 2501
2501 1608
2501 3394
1608 2501
3394 2501
2501 1607
2501 3395
1607 2501
3395 2501
2501 1606
2501 3396
1606 2501
3396 2501
2501 1605
2501 3397
1605 2501
3397 2501
2501 1604
2501 3398
1604 2501
3398 2501
2501 1603
2501 3399
1603 2501
3399 2501
2501 1602
2501 3400
1602 2501
3400 2501
2501 1601
2501 3401
1601 2501
3401 2501
2501 1600
2501 3402
1600 2501
3402 2501
2501 1599
2501 3403
1599 2501
3403 2501
2501 1598
2501 3404
1598 2501
3404 2501
2501 1597
2501 3405
1597 2501
3405 2501
2501 1596
2501 3406
1596 2501
3406 2501
2501 1595
2501 3407
1595 2501
3407 2501
2501 1594
2501 3408
1594 2501
3408 2501
2501 1593
2501 3409
1593 2501
3409 2501
2501 1592
2501 3410
1592 2501
3410 2501
2501 1591
2501 3411
1591 2501
3411 2501
2501 1590
2501 3412
1590 2501
3412 2501
2501 1589
2501 3413
1589 2501
3413 2501
2501 1588
2501 3414
1588 2501
3414 2501
2501 1587
2501 3415
1587 2501
3415 2501
2501 1586
2501 3416
1586 2501
3416 2501
2501 1585
2501 3417
1585 2501
3417 2501
2501 1584
2501 3418
1584 2501
3418 2501
2501 1583
2501 3419
1583 2501
3419 2501
2501 1582
2501 3420
1582 2501
3420 2501
2501 1581
2501 3421
1581 2501
3421 2501
2501 1580
2501 3422
1580 2501
3422 2501
2501 1579
2501 3423
1579 2501
3423 2501
2501 1578
2501 3424
1578 2501
3424 2501
2501 1577
2501 3425
1577 2501
3425 2501
2501 1576
2501 3426
1576 2501
3426 2501
2501 1575
2501 3427
1575 2501
3427 2501
2501 1574
2501 3428
1574 2501
3428 2501
2501 1573
2501 3429
1573 2501
3429 2501
2501 1572
2501 3430
1572 2501
3430 2501
2501 1571
2501 3431
1571 2501
3431 2501
2501 1570
2501 3432
1570 2501
3432 2501
2501 1569
2501 3433
1569 2501
3433 2501
2501 1568
2501 3434
1568 2501
3434 2501
2501 1567
2501 3435
1567 2501
3435 2501
2501 1566
2501 3436
1566 2501
3436 2501
2501 1565
2501 3437
1565 2501
3437 2501
2501 1564
2501 3438
1564 2501
3438 2501
2501 1563
2501 3439
1563 2501
3439 2501
2501 1562
2501 3440
1562 2501
3440 2501
2501 1561
2501 3441
1561 2501
3441 2501
2501 1560
2501 3442
1560 2501
3442 2501
2501 1559
2501 3443
1559 2501
3443 2501
2501 1558
2501 3444
1558 2501
3444 2501
2501 1557
2501 3445
1557 2501
3445 2501
2501 1556
2501 3446
1556 2501
3446 2501
2501 1555
2501 3447
1555 2501
3447 2501
2501 1554
2501 3448
1554 2501
3448 2501
2501 1553
2501 3449
1553 2501
3449 2501
2501 1552
2501 3450
1552 2501
3450 2501
2501 1551
2501 3451
1551 2501
3451 2501
2501 1550
2501 3452
1550 2501
3452 2501
2501 1549
2501 3453
1549 2501
3453 2501
2501 1548
2501 3454
1548 2501
3454 2501
2501 1547
2501 3455
1547 2501
3455 2501
2501 1546
2501 3456
1546 2501
3456 2501
2501 1545
2501 3457
1545 2501
3457 2501
2501 1544
2501 3458
1544 2501
3458 2501
2501 1543
2501 3459
1543 2501
3459 2501
2501 1542
2501 3460
1542 2501
3460 2501
2501 1541
2501 3461
1541 2501
3461 2501
2501 1540
2501 3462
1540 2501
3462 2501
2501 1539
2501 3463
1539 2501
3463 2501
2501 1538
2501 3464
1538 2501
3464 2501
2501 1537
2501 3465
1537 2501
3465 2501
2501 1536
2501 3466
1536 2501
3466 2501
2501 1535
2501 3467
1535 2501
3467 2501
2501 1534
2501 3468
1534 2501
3468 2501
2501 1533
2501 3469
1533 2501
3469 2501
2501 1532
2501 3470
1532 2501
3470 2501
2501 1531
2501 3471
1531 2501
3471 2501
2501 1530
2501 3472
1530 2501
3472 2501
2501 1529
2501 3473
1529 2501
3473 2501
2501 1528
2501 3474
1528 2501
3474 2501
2501 1527
2501 3475
1527 2501
3475 2501
2501 1526
2501 3476
1526 2501
3476 2501
2501 1525
2501 3477
1525 2501
3477 2501
2501 1524
2501 3478
1524 2501
3478 2501
2501 1523
2501 3479
1523 2501
3479 2501
2501 1522
2501 3480
1522 2501
3480 2501
2501 1521
2501 3481
1521 2501
3481 2501
2501 1520
2501 3482
1520 2501
3482 2501
2501 1519
2501 3483
1519 2501
3483 2501
2501 1518
2501 3484
1518 2501
3484 2501
2501 1517
2501 3485
1517 2501
3485 2501
2501 1516
2501 3486
1516 2501
3486 2501
2501 1515
2501 3487
1515 2501
3487 2501
2501 1514
2501 3488
1514 2501
3488 2501
2501 1513
2501 3489
1513 2501
3489 2501
2501 1512
2501 3490
1512 2501
3490 2501
2501 1511
2501 3491
1511 2501
3491 2501
2501 1510
2501 3492
1510 2501
3492 2501
2501 1509
2501 3493
1509 2501
3493 2501
2501 1508
2501 3494
1508 2501
3494 2501
2501 1507
2501 3495
1507 2501
3495 2501
2501 1506
2501 3496
1506 2501
3496 2501
2501 1505
2501 3497
1505 2501
3497 2501
2501 1504
2501 3498
1504 2501
3498 2501
2501 1503
2501 3499
1503 2501
3499 2501
2501 1502
2501 3500
1502 2501
3500 2501
2501 1501
2501 3501
1501 2501
3501 2501
2501 1500
2501 3502
1500 2501
3502 2501
2501 1499
2501 3503
1499 2501
3503 2501
2501 1498
2501 3504
1498 2501
3504 2501
2501 1497
2501 3505
1497 2501
3505 2501
2501 1496
2501 3506
1496 2501
3506 2501
2501 1495
2501 3507
1495 2501
3507 2501
2501 1494
2501 3508
1494 2501
3508 2501
2501 1493
2501 3509
1493 2501
3509 2501
2501 1492
2501 3510
1492 2501
3510 2501
2501 1491
2501 3511
1491 2501
3511 2501
2501 1490
2501 3512
1490 2501
3512 2501
2501 1489
2501 3513
1489 2501
3513 2501
2501 1488
2501 3514
1488 2501
3514 2501
2501 1487
2501 3515
1487 2501
3515 2501
2501 1486
2501 3516
1486 2501
3516 2501
2501 1485
2501 3517
1485 2501
3517 2501
2501 1484
2501 3518
1484 2501
3518 2501
2501 1483
2501 3519
1483 2501
3519 2501
2501 1482
2501 3520
1482 2501
3520 2501
2501 1481
2501 3521
1481 2501
3521 2501
2501 1480
2501 3522
1480 2501
3522 2501
2501 1479
2501 3523
1479 2501
3523 2501
2501 1478
2501 3524
1478 2501
3524 2501
2501 1477
2501 3525
1477 2501
3525 2501
2501 1476
2501 3526
1476 2501
3526 2501
2501 1475
2501 3527
1475 2501
3527 2501
2501 1474
2501 3528
1474 2501
3528 2501
2501 1473
2501 3529
1473 2501
3529 2501
2501 1472
2501 3530
1472 2501
3530 2501
2501 1471
2501 3531
1471 2501
3531 2501
2501 1470
2501 3532
1470 2501
3532 2501
2501 1469
2501 3533
1469 2501
3533 2501
2501 1468
2501 3534
1468 2501
3534 2501
2501 1467
2501 3535
1467 2501
3535 2501
2501 1466
2501 3536
1466 2501
3536 2501
2501 1465
2501 3537
1465 2501
3537 2501
2501 1464
2501 3538
1464 2501
3538 2501
2501 1463
2501 3539
1463 2501
3539 2501
2501 1462
2501 3540
1462 2501
3540 2501
2501 1461
2501 3541
1461 2501
3541 2501
2501 1460
2501 3542
1460 2501
3542 2501
2501 1459
2501 3543
1459 2501
3543 2501
2501 1458
2501 3544
1458 2501
3544 2501
2501 1457
2501 3545
1457 2501
3545 2501
2501 1456
2501 3546
1456 2501
3546 2501
2501 1455
2501 3547
1455 2501
3547 2501
2501 1454
2501 3548
1454 2501
3548 2501
2501 1453
2501 3549
1453 2501
3549 2501
2501 1452
2501 3550
1452 2501
3550 2501
2501 1451
2501 3551
1451 2501
3551 2501
2501 1450
2501 3552
1450 2501
3552 2501
2501 1449
2501 3553
1449 2501
3553 2501
2501 1448
2501 3554
1448 2501
3554 2501
2501 1447
2501 3555
1447 2501
3555 2501
2501 1446
2501 3556
1446 2501
3556 2501
2501 1445
2501 3557
1445 2501
3557 2501
2501 1444
2501 3558
1444 2501
3558 2501
2501 1443
2501 3559
1443 2501
3559 2501
2501 1442
2501 3560
1442 2501
3560 2501
2501 1441
2501 3561
1441 2501
3561 2501
2501 1440
2501 3562
1440 2501
3562 2501
2501 1439
2501 3563
1439 2501
3563 2501
2501 1438
2501 3564
1438 2501
3564 2501
2501 1437
2501 3565
1437 2501
3565 2501
2501 1436
2501 3566
1436 2501
3566 2501
2501 1435
2501 3567
1435 2501
3567 2501
2501 1434
2501 3568
1434 2501
3568 2501
2501 1433
2501 3569
1433 2501
3569 2501
2501 1432
2501 3570
1432 2501
3570 2501
2501 1431
2501 3571
1431 2501
3571 2501
2501 1430
2501 3572
1430 2501
3572 2501
2501 1429
2501 3573
1429 2501
3573 2501
2501 1428
2501 3574
1428 2501
3574 2501
2501 1427
2501 3575
1427 2501
3575 2501
2501 1426
2501 3576
1426 2501
3576 2501
2501 1425
2501 3577
1425 2501
3577 2501
2501 1424
2501 3578
1424 2501
3578 2501
2501 1423
2501 3579
1423 2501
3579 2501
2501 1422
2501 3580
1422 2501
3580 2501
2501 1421
2501 3581
1421 2501
3581 2501
2501 1420
2501 3582
1420 2501
3582 2501
2501 1419
2501 3583
1419 2501
3583 2501
2501 1418
2501 3584
1418 2501
3584 2501
2501 1417
2501 3585
1417 2501
3585 2501
2501 1416
2501 3586
1416 2501
3586 2501
2501 1415
2501 3587
1415 2501
3587 2501
2501 1414
2501 3588
1414 2501
3588 2501
2501 1413
2501 3589
1413 2501
3589 2501
2501 1412
2501 3590
1412 2501
3590 2501
2501 1411
2501 3591
1411 2501
3591 2501
2501 1410
2501 3592
1410 2501
3592 2501
2501 1409
2501 3593
1409 2501
3593 2501
2501 1408
2501 3594
1408 2501
3594 2501
2501 1407
2501 3595
1407 2501
3595 2501
2501 1406
2501 3596
1406 2501
3596 2501
2501 1405
2501 3597
1405 2501
3597 2501
2501 1404
2501 3598
1404 2501
3598 2501
2501 1403
2501 3599
1403 2501
3599 2501
2501 1402
2501 3600
1402 2501
3600 2501
2501 1401
2501 3601
1401 2501
3601 2501
2501 1400
2501 3602
1400 2501
3602 2501
2501 1399
2501 3603
1399 2501
3603 2501
2501 1398
2501 3604
1398 2501
3604 2501
2501 1397
2501 3605
1397 2501
3605 2501
2501 1396
2501 3606
1396 2501
3606 2501
2501 1395
2501 3607
1395 2501
3607 2501
2501 1394
2501 3608
1394 2501
3608 2501
2501 1393
2501 3609
1393 2501
3609 2501
2501 1392
2501 3610
1392 2501
3610 2501
2501 1391
2501 3611
1391 2501
3611 2501
2501 1390
2501 3612
1390 2501
3612 2501
2501 1389
2501 3613
1389 2501
3613 2501
2501 1388
2501 3614
1388 2501
3614 2501
2501 1387
2501 3615
1387 2501
3615 2501
2501 1386
2501 3616
1386 2501
3616 2501
2501 1385
2501 3617
1385 2501
3617 2501
2501 1384
2501 3618
1384 2501
3618 2501
2501 1383
2501 3619
1383 2501
3619 2501
2501 1382
2501 3620
1382 2501
3620 2501
2501 1381
2501 3621
1381 2501
3621 2501
2501 1380
2501 3622
1380 2501
3622 2501
2501 1379
2501 3623
1379 2501
3623 2501
2501 1378
2501 3624
1378 2501
3624 2501
2501 1377
2501 3625
1377 2501
3625 2501
2501 1376
2501 3626
1376 2501
3626 2501
2501 1375
2501 3627
1375 2501
3627 2501
2501 1374
2501 3628
1374 2501
3628 2501
2501 1373
2501 3629
1373 2501
3629 2501
2501 1372
2501 3630
1372 2501
3630 2501
2501 1371
2501 3631
1371 2501
3631 2501
2501 1370
2501 3632
1370 2501
3632 2501
2501 1369
2501 3633
1369 2501
3633 2501
2501 1368
2501 3634
1368 2501
3634 2501
2501 1367
2501 3635
1367 2501
3635 2501
2501 1366
2501 3636
1366 2501
3636 2501
2501 1365
2501 3637
1365 2501
3637 2501
2501 1364
2501 3638
1364 2501
3638 2501
2501 1363
2501 3639
1363 2501
3639 2501
2501 1362
2501 3640
1362 2501
3640 2501
2501 1361
2501 3641
1361 2501
3641 2501
2501 1360
2501 3642
1360 2501
3642 2501
2501 1359
2501 3643
1359 2501
3643 2501
2501 1358
2501 3644
1358 2501
3644 2501
2501 1357
2501 3645
1357 2501
3645 2501
2501 1356
2501 3646
1356 2501
3646 2501
2501 1355
2501 3647
1355 2501
3647 2501
2501 1354
2501 3648
1354 2501
3648 2501
2501 1353
2501 3649
1353 2501
3649 2501
2501 1352
2501 3650
1352 2501
3650 2501
2501 1351
2501 3651
1351 2501
3651 2501
2501 1350
2501 3652
1350 2501
3652 2501
2501 1349
2501 3653
1349 2501
3653 2501
2501 1348
2501 3654
1348 2501
3654 2501
2501 1347
2501 3655
1347 2501
3655 2501
2501 1346
2501 3656
1346 2501
3656 2501
2501 1345
2501 3657
1345 2501
3657 2501
2501 1344
2501 3658
1344 2501
3658 2501
2501 1343
2501 3659
1343 2501
3659 2501
2501 1342
2501 3660
1342 2501
3660 2501
2501 1341
2501 3661
1341 2501
3661 2501
2501 1340
2501 3662
1340 2501
3662 2501
2501 1339
2501 3663
1339 2501
3663 2501
2501 1338
2501 3664
1338 2501
3664 2501
2501 1337
2501 3665
1337 2501
3665 2501
2501 1336
2501 3666
1336 2501
3666 2501
2501 1335
2501 3667
1335 2501
3667 2501
2501 1334
2501 3668
1334 2501
3668 2501
2501 1333
2501 3669
1333 2501
3669 2501
2501 1332
2501 3670
1332 2501
3670 2501
2501 1331
2501 3671
1331 2501
3671 2501
2501 1330
2501 3672
1330 2501
3672 2501
2501 1329
2501 3673
1329 2501
3673 2501
2501 1328
2501 3674
1328 2501
3674 2501
2501 1327
2501 3675
1327 2501
3675 2501
2501 1326
2501 3676
1326 2501
3676 2501
2501 1325
2501 3677
1325 2501
3677 2501
2501 1324
2501 3678
1324 2501
3678 2501
2501 1323
2501 3679
1323 2501
3679 2501
2501 1322
2501 3680
1322 2501
3680 2501
2501 1321
2501 3681
1321 2501
3681 2501
2501 1320
2501 3682
1320 2501
3682 2501
2501 1319
2501 3683
1319 2501
3683 2501
2501 1318
2501 3684
1318 2501
3684 2501
2501 1317
2501 3685
1317 2501
3685 2501
2501 1316
2501 3686
1316 2501
3686 2501
2501 1315
2501 3687
1315 2501
3687 2501
2501 1314
2501 3688
1314 2501
3688 2501
2501 1313
2501 3689
1313 2501
3689 2501
2501 1312
2501 3690
1312 2501
3690 2501
2501 1311
2501 3691
1311 2501
3691 2501
2501 1310
2501 3692
1310 2501
3692 2501
2501 1309
2501 3693
1309 2501
3693 2501
2501 1308
2501 3694
1308 2501
3694 2501
2501 1307
2501 3695
1307 2501
3695 2501
2501 1306
2501 3696
1306 2501
3696 2501
2501 1305
2501 3697
1305 2501
3697 2501
2501 1304
2501 3698
1304 2501
3698 2501
2501 1303
2501 3699
1303 2501
3699 2501
2501 1302
2501 3700
1302 2501
3700 2501
2501 1301
2501 3701
1301 2501
3701 2501
2501 1300
2501 3702
1300 2501
3702 2501
2501 1299
2501 3703
1299 2501
3703 2501
2501 1298
2501 3704
1298 2501
3704 2501
2501 1297
2501 3705
1297 2501
3705 2501
2501 1296
2501 3706
1296 2501
3706 2501
2501 1295
2501 3707
1295 2501
3707 2501
2501 1294
2501 3708
1294 2501
3708 2501
2501 1293
2501 3709
1293 2501
3709 2501
2501 1292
2501 3710
1292 2501
3710 2501
2501 1291
2501 3711
1291 2501
3711 2501
2501 1290
2501 3712
1290 2501
3712 2501
2501 1289
2501 3713
1289 2501
3713 2501
2501 1288
2501 3714
1288 2501
3714 2501
2501 1287
2501 3715
1287 2501
3715 2501
2501 1286
2501 3716
1286 2501
3716 2501
2501 1285
2501 3717
1285 2501
3717 2501
2501 1284
2501 3718
1284 2501
3718 2501
2501 1283
2501 3719
1283 2501
3719 2501
2501 1282
2501 3720
1282 2501
3720 2501
2501 1281
2501 3721
1281 2501
3721 2501
2501 1280
2501 3722
1280 2501
3722 2501
2501 1279
2501 3723
1279 2501
3723 2501
2501 1278
2501 3724
1278 2501
3724 2501
2501 1277
2501 3725
1277 2501
3725 2501
2501 1276
2501 3726
1276 2501
3726 2501
2501 1275
2501 3727
1275 2501
3727 2501
2501 1274
2501 3728
1274 2501
3728 2501
2501 1273
2501 3729
1273 2501
3729 2501
2501 1272
2501 3730
1272 2501
3730 2501
2501 1271
2501 3731
1271 2501
3731 2501
2501 1270
2501 3732
1270 2501
3732 2501
2501 1269
2501 3733
1269 2501
3733 2501
2501 1268
2501 3734
1268 2501
3734 2501
2501 1267
2501 3735
1267 2501
3735 2501
2501 1266
2501 3736
1266 2501
3736 2501
2501 1265
2501 3737
1265 2501
3737 2501
2501 1264
2501 3738
1264 2501
3738 2501
2501 1263
2501 3739
1263 2501
3739 2501
2501 1262
2501 3740
1262 2501
3740 2501
2501 1261
2501 3741
1261 2501
3741 2501
2501 1260
2501 3742
1260 2501
3742 2501
2501 1259
2501 3743
1259 2501
3743 2501
2501 1258
2501 3744
1258 2501
3744 2501
2501 1257
2501 3745
1257 2501
3745 2501
2501 1256
2501 3746
1256 2501
3746 2501
2501 1255
2501 3747
1255 2501
3747 2501
2501 1254
2501 3748
1254 2501
3748 2501
2501 1253
2501 3749
1253 2501
3749 2501
2501 1252
2501 3750
1252 2501
3750 2501
2501 1251
2501 3751
1251 2501
3751 2501
2501 1250
2501 3752
1250 2501
3752 2501
2501 1249
2501 3753
1249 2501
3753 2501
2501 1248
2501 3754
1248 2501
3754 2501
2501 1247
2501 3755
1247 2501
3755 2501
2501 1246
2501 3756
1246 2501
3756 2501
2501 1245
2501 3757
1245 2501
3757 2501
2501 1244
2501 3758
1244 2501
3758 2501
2501 1243
2501 3759
1243 2501
3759 2501
2501 1242
2501 3760
1242 2501
3760 2501
2501 1241
2501 3761
1241 2501
3761 2501
2501 1240
2501 3762
1240 2501
3762 2501
2501 1239
2501 3763
1239 2501
3763 2501
2501 1238
2501 3764
1238 2501
3764 2501
2501 1237
2501 3765
1237 2501
3765 2501
2501 1236
2501 3766
1236 2501
3766 2501
2501 1235
2501 3767
1235 2501
3767 2501
2501 1234
2501 3768
1234 2501
3768 2501
2501 1233
2501 3769
1233 2501
3769 2501
2501 1232
2501 3770
1232 2501
3770 2501
2501 1231
2501 3771
1231 2501
3771 2501
2501 1230
2501 3772
1230 2501
3772 2501
2501 1229
2501 3773
1229 2501
3773 2501
2501 1228
2501 3774
1228 2501
3774 2501
2501 1227
2501 3775
1227 2501
3775 2501
2501 1226
2501 3776
1226 2501
3776 2501
2501 1225
2501 3777
1225 2501
3777 2501
2501 1224
2501 3778
1224 2501
3778 2501
2501 1223
2501 3779
1223 2501
3779 2501
2501 1222
2501 3780
1222 2501
3780 2501
2501 1221
2501 3781
1221 2501
3781 2501
2501 1220
2501 3782
1220 2501
3782 2501
2501 1219
2501 3783
1219 2501
3783 2501
2501 1218
2501 3784
1218 2501
3784 2501
2501 1217
2501 3785
1217 2501
3785 2501
2501 1216
2501 3786
1216 2501
3786 2501
2501 1215
2501 3787
1215 2501
3787 2501
2501 1214
2501 3788
1214 2501
3788 2501
2501 1213
2501 3789
1213 2501
3789 2501
2501 1212
2501 3790
1212 2501
3790 2501
2501 1211
2501 3791
1211 2501
3791 2501
2501 1210
2501 3792
1210 2501
3792 2501
2501 1209
2501 3793
1209 2501
3793 2501
2501 1208
2501 3794
1208 2501
3794 2501
2501 1207
2501 3795
1207 2501
3795 2501
2501 1206
2501 3796
1206 2501
3796 2501
2501 1205
2501 3797
1205 2501
3797 2501
2501 1204
2501 3798
1204 2501
3798 2501
2501 1203
2501 3799
1203 2501
3799 2501
2501 1202
2501 3800
1202 2501
3800 2501
2501 1201
2501 3801
1201 2501
3801 2501
2501 1200
2501 3802
1200 2501
3802 2501
2501 1199
2501 3803
1199 2501
3803 2501
2501 1198
2501 3804
1198 2501
3804 2501
2501 1197
2501 3805
1197 2501
3805 2501
2501 1196
2501 3806
1196 2501
3806 2501
2501 1195
2501 3807
1195 2501
3807 2501
2501 1194
2501 3808
1194 2501
3808 2501
2501 1193
2501 3809
1193 2501
3809 2501
2501 1192
2501 3810
1192 2501
3810 2501
2501 1191
2501 3811
1191 2501
3811 2501
2501 1190
2501 3812
1190 2501
3812 2501
2501 1189
2501 3813
1189 2501
3813 2501
2501 1188
2501 3814
1188 2501
3814 2501
2501 1187
2501 3815
1187 2501
3815 2501
2501 1186
2501 3816
1186 2501
3816 2501
2501 1185
2501 3817
1185 2501
3817 2501
2501 1184
2501 3818
1184 2501
3818 2501
2501 1183
2501 3819
1183 2501
3819 2501
2501 1182
2501 3820
1182 2501
3820 2501
2501 1181
2501 3821
1181 2501
3821 2501
2501 1180
2501 3822
1180 2501
3822 2501
2501 1179
2501 3823
1179 2501
3823 2501
2501 1178
2501 3824
1178 2501
3824 2501
2501 1177
2501 3825
1177 2501
3825 2501
2501 1176
2501 3826
1176 2501
3826 2501
2501 1175
2501 3827
1175 2501
3827 2501
2501 1174
2501 3828
1174 2501
3828 2501
2501 1173
2501 3829
1173 2501
3829 2501
2501 1172
2501 3830
1172 2501
3830 2501
2501 1171
2501 3831
1171 2501
3831 2501
2501 1170
2501 3832
1170 2501
3832 2501
2501 1169
2501 3833
1169 2501
3833 2501
2501 1168
2501 3834
1168 2501
3834 2501
2501 1167
2501 3835
1167 2501
3835 2501
2501 1166
2501 3836
1166 2501
3836 2501
2501 1165
2501 3837
1165 2501
3837 2501
2501 1164
2501 3838
1164 2501
3838 2501
2501 1163
2501 3839
1163 2501
3839 2501
2501 1162
2501 3840
1162 2501
3840 2501
2501 1161
2501 3841
1161 2501
3841 2501
2501 1160
2501 3842
1160 2501
3842 2501
2501 1159
2501 3843
1159 2501
3843 2501
2501 1158
2501 3844
1158 2501
3844 2501
2501 1157
2501 3845
1157 2501
3845 2501
2501 1156
2501 3846
1156 2501
3846 2501
2501 1155
2501 3847
1155 2501
3847 2501
2501 1154
2501 3848
1154 2501
3848 2501
2501 1153
2501 3849
1153 2501
3849 2501
2501 1152
2501 3850
1152 2501
3850 2501
2501 1151
2501 3851
1151 2501
3851 2501
2501 1150
2501 3852
1150 2501
3852 2501
2501 1149
2501 3853
1149 2501
3853 2501
2501 1148
2501 3854
1148 2501
3854 2501
2501 1147
2501 3855
1147 2501
3855 2501
2501 1146
2501 3856
1146 2501
3856 2501
2501 1145
2501 3857
1145 2501
3857 2501
2501 1144
2501 3858
1144 2501
3858 2501
2501 1143
2501 3859
1143 2501
3859 2501
2501 1142
2501 3860
1142 2501
3860 2501
2501 1141
2501 3861
1141 2501
3861 2501
2501 1140
2501 3862
1140 2501
3862 2501
2501 1139
2501 3863
1139 2501
3863 2501
2501 1138
2501 3864
1138 2501
3864 2501
2501 1137
2501 3865
1137 2501
3865 2501
2501 1136
2501 3866
1136 2501
3866 2501
2501 1135
2501 3867
1135 2501
3867 2501
2501 1134
2501 3868
1134 2501
3868 2501
2501 1133
2501 3869
1133 2501
3869 2501
2501 1132
2501 3870
1132 2501
3870 2501
2501 1131
2501 3871
1131 2501
3871 2501
2501 1130
2501 3872
1130 2501
3872 2501
2501 1129
2501 3873
1129 2501
3873 2501
2501 1128
2501 3874
1128 2501
3874 2501
2501 1127
2501 3875
1127 2501
3875 2501
2501 1126
2501 3876
1126 2501
3876 2501
2501 1125
2501 3877
1125 2501
3877 2501
2501 1124
2501 3878
1124 2501
3878 2501
2501 1123
2501 3879
1123 2501
3879 2501
2501 1122
2501 3880
1122 2501
3880 2501
2501 1121
2501 3881
1121 2501
3881 2501
2501 1120
2501 3882
1120 2501
3882 2501
2501 1119
2501 3883
1119 2501
3883 2501
2501 1118
2501 3884
1118 2501
3884 2501
2501 1117
2501 3885
1117 2501
3885 2501
2501 1116
2501 3886
1116 2501
3886 2501
2501 1115
2501 3887
1115 2501
3887 2501
2501 1114
2501 3888
1114 2501
3888 2501
2501 1113
2501 3889
1113 2501
3889 2501
2501 1112
2501 3890
1112 2501
3890 2501
2501 1111
2501 3891
1111 2501
3891 2501
2501 1110
2501 3892
1110 2501
3892 2501
2501 1109
2501 3893
1109 2501
3893 2501
2501 1108
2501 3894
1108 2501
3894 2501
2501 1107
2501 3895
1107 2501
3895 2501
2501 1106
2501 3896
1106 2501
3896 2501
2501 1105
2501 3897
1105 2501
3897 2501
2501 1104
2501 3898
1104 2501
3898 2501
2501 1103
2501 3899
1103 2501
3899 2501
2501 1102
2501 3900
1102 2501
3900 2501
2501 1101
2501 3901
1101 2501
3901 2501
2501 1100
2501 3902
1100 2501
3902 2501
2501 1099
2501 3903
1099 2501
3903 2501
2501 1098
2501 3904
1098 2501
3904 2501
2501 1097
2501 3905
1097 2501
3905 2501
2501 1096
2501 3906
1096 2501
3906 2501
2501 1095
2501 3907
1095 2501
3907 2501
2501 1094
2501 3908
1094 2501
3908 2501
2501 1093
2501 3909
1093 2501
3909 2501
2501 1092
2501 3910
1092 2501
3910 2501
2501 1091
2501 3911
1091 2501
3911 2501
2501 1090
2501 3912
1090 2501
3912 2501
2501 1089
2501 3913
1089 2501
3913 2501
2501 1088
2501 3914
1088 2501
3914 2501
2501 1087
2501 3915
1087 2501
3915 2501
2501 1086
2501 3916
1086 2501
3916 2501
2501 1085
2501 3917
1085 2501
3917 2501
2501 1084
2501 3918
1084 2501
3918 2501
2501 1083
2501 3919
1083 2501
3919 2501
2501 1082
2501 3920
1082 2501
3920 2501
2501 1081
2501 3921
1081 2501
3921 2501
2501 1080
2501 3922
1080 2501
3922 2501
2501 1079
2501 3923
1079 2501
3923 2501
2501 1078
2501 3924
1078 2501
3924 2501
2501 1077
2501 3925
1077 2501
3925 2501
2501 1076
2501 3926
1076 2501
3926 2501
2501 1075
2501 3927
1075 2501
3927 2501
2501 1074
2501 3928
1074 2501
3928 2501
2501 1073
2501 3929
1073 2501
3929 2501
2501 1072
2501 3930
1072 2501
3930 2501
2501 1071
2501 3931
1071 2501
3931 2501
2501 1070
2501 3932
1070 2501
3932 2501
2501 1069
2501 3933
1069 2501
3933 2501
2501 1068
2501 3934
1068 2501
3934 2501
2501 1067
2501 3935
1067 2501
3935 2501
2501 1066
2501 3936
1066 2501
3936 2501
2501 1065
2501 3937
1065 2501
3937 2501
2501 1064
2501 3938
1064 2501
3938 2501
2501 1063
2501 3939
1063 2501
3939 2501
2501 1062
2501 3940
1062 2501
3940 2501
2501 1061
2501 3941
1061 2501
3941 2501
2501 1060
2501 3942
1060 2501
3942 2501
2501 1059
2501 3943
1059 2501
3943 2501
2501 1058
2501 3944
1058 2501
3944 2501
2501 1057
2501 3945
1057 2501
3945 2501
2501 1056
2501 3946
1056 2501
3946 2501
2501 1055
2501 3947
1055 2501
3947 2501
2501 1054
2501 3948
1054 2501
3948 2501
2501 1053
2501 3949
1053 2501
3949 2501
2501 1052
2501 3950
1052 2501
3950 2501
2501 1051
2501 3951
1051 2501
3951 2501
2501 1050
2501 3952
1050 2501
3952 2501
2501 1049
2501 3953
1049 2501
3953 2501
2501 1048
2501 3954
1048 2501
3954 2501
2501 1047
2501 3955
1047 2501
3955 2501
2501 1046
2501 3956
1046 2501
3956 2501
2501 1045
2501 3957
1045 2501
3957 2501
2501 1044
2501 3958
1044 2501
3958 2501
2501 1043
2501 3959
1043 2501
3959 2501
2501 1042
2501 3960
1042 2501
3960 2501
2501 1041
2501 3961
1041 2501
3961 2501
2501 1040
2501 3962
1040 2501
3962 2501
2501 1039
2501 3963
1039 2501
3963 2501
2501 1038
2501 3964
1038 2501
3964 2501
2501 1037
2501 3965
1037 2501
3965 2501
2501 1036
2501 3966
1036 2501
3966 2501
2501 1035
2501 3967
1035 2501
3967 2501
2501 1034
2501 3968
1034 2501
3968 2501
2501 1033
2501 3969
1033 2501
3969 2501
2501 1032
2501 3970
1032 2501
3970 2501
2501 1031
2501 3971
1031 2501
3971 2501
2501 1030
2501 3972
1030 2501
3972 2501
2501 1029
2501 3973
1029 2501
3973 2501
2501 1028
2501 3974
1028 2501
3974 2501
2501 1027
2501 3975
1027 2501
3975 2501
2501 1026
2501 3976
1026 2501
3976 2501
2501 1025
2501 3977
1025 2501
3977 2501
2501 1024
2501 3978
1024 2501
3978 2501
2501 1023
2501 3979
1023 2501
3979 2501
2501 1022
2501 3980
1022 2501
3980 2501
2501 1021
2501 3981
1021 2501
3981 2501
2501 1020
2501 3982
1020 2501
3982 2501
2501 1019
2501 3983
1019 2501
3983 2501
2501 1018
2501 3984
1018 2501
3984 2501
2501 1017
2501 3985
1017 2501
3985 2501
2501 1016
2501 3986
1016 2501
3986 2501
2501 1015
2501 3987
1015 2501
3987 2501
2501 1014
2501 3988
1014 2501
3988 2501
2501 1013
2501 3989
1013 2501
3989 2501
2501 1012
2501 3990
1012 2501
3990 2501
2501 1011
2501 3991
1011 2501
3991 2501
2501 1010
2501 3992
1010 2501
3992 2501
2501 1009
2501 3993
1009 2501
3993 2501
2501 1008
2501 3994
1008 2501
3994 2501
2501 1007
2501 3995
1007 2501
3995 2501
2501 1006
2501 3996
1006 2501
3996 2501
2501 1005
2501 3997
1005 2501
3997 2501
2501 1004
2501 3998
1004 2501
3998 2501
2501 1003
2501 3999
1003 2501
3999 2501
2501 1002
2501 4000
1002 2501
4000 2501
2501 1001
2501 4001
1001 2501
4001 2501
2501 1000
2501 4002
1000 2501
4002 2501
2501 999
2501 4003
999 2501
4003 2501
2501 998
2501 4004
998 2501
4004 2501
2501 997
2501 4005
997 2501
4005 2501
2501 996
2501 4006
996 2501
4006 2501
2501 995
2501 4007
995 2501
4007 2501
2501 994
2501 4008
994 2501
4008 2501
2501 993
2501 4009
993 2501
4009 2501
2501 992
2501 4010
992 2501
4010 2501
2501 991
2501 4011
991 2501
4011 2501
2501 990
2501 4012
990 2501
4012 2501
2501 989
2501 4013
989 2501
4013 2501
2501 988
2501 4014
988 2501
4014 2501
2501 987
2501 4015
987 2501
4015 2501
2501 986
2501 4016
986 2501
4016 2501
2501 985
2501 4017
985 2501
4017 2501
2501 984
2501 4018
984 2501
4018 2501
2501 983
2501 4019
983 2501
4019 2501
2501 982
2501 4020
982 2501
4020 2501
2501 981
2501 4021
981 2501
4021 2501
2501 980
2501 4022
980 2501
4022 2501
2501 979
2501 4023
979 2501
4023 2501
2501 978
2501 4024
978 2501
4024 2501
2501 977
2501 4025
977 2501
4025 2501
2501 976
2501 4026
976 2501
4026 2501
2501 975
2501 4027
975 2501
4027 2501
2501 974
2501 4028
974 2501
4028 2501
2501 973
2501 4029
973 2501
4029 2501
2501 972
2501 4030
972 2501
4030 2501
2501 971
2501 4031
971 2501
4031 2501
2501 970
2501 4032
970 2501
4032 2501
2501 969
2501 4033
969 2501
4033 2501
2501 968
2501 4034
968 2501
4034 2501
2501 967
2501 4035
967 2501
4035 2501
2501 966
2501 4036
966 2501
4036 2501
2501 965
2501 4037
965 2501
4037 2501
2501 964
2501 4038
964 2501
4038 2501
2501 963
2501 4039
963 2501
4039 2501
2501 962
2501 4040
962 2501
4040 2501
2501 961
2501 4041
961 2501
4041 2501
2501 960
2501 4042
960 2501
4042 2501
2501 959
2501 4043
959 2501
4043 2501
2501 958
2501 4044
958 2501
4044 2501
2501 957
2501 4045
957 2501
4045 2501
2501 956
2501 4046
956 2501
4046 2501
2501 955
2501 4047
955 2501
4047 2501
2501 954
2501 4048
954 2501
4048 2501
2501 953
2501 4049
953 2501
4049 2501
2501 952
2501 4050
952 2501
4050 2501
2501 951
2501 4051
951 2501
4051 2501
2501 950
2501 4052
950 2501
4052 2501
2501 949
2501 4053
949 2501
4053 2501
2501 948
2501 4054
948 2501
4054 2501
2501 947
2501 4055
947 2501
4055 2501
2501 946
2501 4056
946 2501
4056 2501
2501 945
2501 4057
945 2501
4057 2501
2501 944
2501 4058
944 2501
4058 2501
2501 943
2501 4059
943 2501
4059 2501
2501 942
2501 4060
942 2501
4060 2501
2501 941
2501 4061
941 2501
4061 2501
2501 940
2501 4062
940 2501
4062 2501
2501 939
2501 4063
939 2501
4063 2501
2501 938
2501 4064
938 2501
4064 2501
2501 937
2501 4065
937 2501
4065 2501
2501 936
2501 4066
936 2501
4066 2501
2501 935
2501 4067
935 2501
4067 2501
2501 934
2501 4068
934 2501
4068 2501
2501 933
2501 4069
933 2501
4069 2501
2501 932
2501 4070
932 2501
4070 2501
2501 931
2501 4071
931 2501
4071 2501
2501 930
2501 4072
930 2501
4072 2501
2501 929
2501 4073
929 2501
4073 2501
2501 928
2501 4074
928 2501
4074 2501
2501 927
2501 4075
927 2501
4075 2501
2501 926
2501 4076
926 2501
4076 2501
2501 925
2501 4077
925 2501
4077 2501
2501 924
2501 4078
924 2501
4078 2501
2501 923
2501 4079
923 2501
4079 2501
2501 922
2501 4080
922 2501
4080 2501
2501 921
2501 4081
921 2501
4081 2501
2501 920
2501 4082
920 2501
4082 2501
2501 919
2501 4083
919 2501
4083 2501
2501 918
2501 4084
918 2501
4084 2501
2501 917
2501 4085
917 2501
4085 2501
2501 916
2501 4086
916 2501
4086 2501
2501 915
2501 4087
915 2501
4087 2501
2501 914
2501 4088
914 2501
4088 2501
2501 913
2501 4089
913 2501
4089 2501
2501 912
2501 4090
912 2501
4090 2501
2501 911
2501 4091
911 2501
4091 2501
2501 910
2501 4092
910 2501
4092 2501
2501 909
2501 4093
909 2501
4093 2501
2501 908
2501 4094
908 2501
4094 2501
2501 907
2501 4095
907 2501
4095 2501
2501 906
2501 4096
906 2501
4096 2501
2501 905
2501 4097
905 2501
4097 2501
2501 904
2501 4098
904 2501
4098 2501
2501 903
2501 4099
903 2501
4099 2501
2501 902
2501 4100
902 2501
4100 2501
2501 901
2501 4101
901 2501
4101 2501
2501 900
2501 4102
900 2501
4102 2501
2501 899
2501 4103
899 2501
4103 2501
2501 898
2501 4104
898 2501
4104 2501
2501 897
2501 4105
897 2501
4105 2501
2501 896
2501 4106
896 2501
4106 2501
2501 895
2501 4107
895 2501
4107 2501
2501 894
2501 4108
894 2501
4108 2501
2501 893
2501 4109
893 2501
4109 2501
2501 892
2501 4110
892 2501
4110 2501
2501 891
2501 4111
891 2501
4111 2501
2501 890
2501 4112
890 2501
4112 2501
2501 889
2501 4113
889 2501
4113 2501
2501 888
2501 4114
888 2501
4114 2501
2501 887
2501 4115
887 2501
4115 2501
2501 886
2501 4116
886 2501
4116 2501
2501 885
2501 4117
885 2501
4117 2501
2501 884
2501 4118
884 2501
4118 2501
2501 883
2501 4119
883 2501
4119 2501
2501 882
2501 4120
882 2501
4120 2501
2501 881
2501 4121
881 2501
4121 2501
2501 880
2501 4122
880 2501
4122 2501
2501 879
2501 4123
879 2501
4123 2501
2501 878
2501 4124
878 2501
4124 2501
2501 877
2501 4125
877 2501
4125 2501
2501 876
2501 4126
876 2501
4126 2501
2501 875
2501 4127
875 2501
4127 2501
2501 874
2501 4128
874 2501
4128 2501
2501 873
2501 4129
873 2501
4129 2501
2501 872
2501 4130
872 2501
4130 2501
2501 871
2501 4131
871 2501
4131 2501
2501 870
2501 4132
870 2501
4132 2501
2501 869
2501 4133
869 2501
4133 2501
2501 868
2501 4134
868 2501
4134 2501
2501 867
2501 4135
867 2501
4135 2501
2501 866
2501 4136
866 2501
4136 2501
2501 865
2501 4137
865 2501
4137 2501
2501 864
2501 4138
864 2501
4138 2501
2501 863
2501 4139
863 2501
4139 2501
2501 862
2501 4140
862 2501
4140 2501
2501 861
2501 4141
861 2501
4141 2501
2501 860
2501 4142
860 2501
4142 2501
2501 859
2501 4143
859 2501
4143 2501
2501 858
2501 4144
858 2501
4144 2501
2501 857
2501 4145
857 2501
4145 2501
2501 856
2501 4146
856 2501
4146 2501
2501 855
2501 4147
855 2501
4147 2501
2501 854
2501 4148
854 2501
4148 2501
2501 853
2501 4149
853 2501
4149 2501
2501 852
2501 4150
852 2501
4150 2501
2501 851
2501 4151
851 2501
4151 2501
2501 850
2501 4152
850 2501
4152 2501
2501 849
2501 4153
849 2501
4153 2501
2501 848
2501 4154
848 2501
4154 2501
2501 847
2501 4155
847 2501
4155 2501
2501 846
2501 4156
846 2501
4156 2501
2501 845
2501 4157
845 2501
4157 2501
2501 844
2501 4158
844 2501
4158 2501
2501 843
2501 4159
843 2501
4159 2501
2501 842
2501 4160
842 2501
4160 2501
2501 841
2501 4161
841 2501
4161 2501
2501 840
2501 4162
840 2501
4162 2501
2501 839
2501 4163
839 2501
4163 2501
2501 838
2501 4164
838 2501
4164 2501
2501 837
2501 4165
837 2501
4165 2501
2501 836
2501 4166
836 2501
4166 2501
2501 835
2501 4167
835 2501
4167 2501
2501 834
2501 4168
834 2501
4168 2501
2501 833
2501 4169
833 2501
4169 2501
2501 832
2501 4170
832 2501
4170 2501
2501 831
2501 4171
831 2501
4171 2501
2501 830
2501 4172
830 2501
4172 2501
2501 829
2501 4173
829 2501
4173 2501
2501 828
2501 4174
828 2501
4174 2501
2501 827
2501 4175
827 2501
4175 2501
2501 826
2501 4176
826 2501
4176 2501
2501 825
2501 4177
825 2501
4177 2501
2501 824
2501 4178
824 2501
4178 2501
2501 823
2501 4179
823 2501
4179 2501
2501 822
2501 4180
822 2501
4180 2501
2501 821
2501 4181
821 2501
4181 2501
2501 820
2501 4182
820 2501
4182 2501
2501 819
2501 4183
819 2501
4183 2501
2501 818
2501 4184
818 2501
4184 2501
2501 817
2501 4185
817 2501
4185 2501
2501 816
2501 4186
816 2501
4186 2501
2501 815
2501 4187
815 2501
4187 2501
2501 814
2501 4188
814 2501
4188 2501
2501 813
2501 4189
813 2501
4189 2501
2501 812
2501 4190
812 2501
4190 2501
2501 811
2501 4191
811 2501
4191 2501
2501 810
2501 4192
810 2501
4192 2501
2501 809
2501 4193
809 2501
4193 2501
2501 808
2501 4194
808 2501
4194 2501
2501 807
2501 4195
807 2501
4195 2501
2501 806
2501 4196
806 2501
4196 2501
2501 805
2501 4197
805 2501
4197 2501
2501 804
2501 4198
804 2501
4198 2501
2501 803
2501 4199
803 2501
4199 2501
2501 802
2501 4200
802 2501
4200 2501
2501 801
2501 4201
801 2501
4201 2501
2501 800
2501 4202
800 2501
4202 2501
2501 799
2501 4203
799 2501
4203 2501
2501 798
2501 4204
798 2501
4204 2501
2501 797
2501 4205
797 2501
4205 2501
2501 796
2501 4206
796 2501
4206 2501
2501 795
2501 4207
795 2501
4207 2501
2501 794
2501 4208
794 2501
4208 2501
2501 793
2501 4209
793 2501
4209 2501
2501 792
2501 4210
792 2501
4210 2501
2501 791
2501 4211
791 2501
4211 2501
2501 790
2501 4212
790 2501
4212 2501
2501 789
2501 4213
789 2501
4213 2501
2501 788
2501 4214
788 2501
4214 2501
2501 787
2501 4215
787 2501
4215 2501
2501 786
2501 4216
786 2501
4216 2501
2501 785
2501 4217
785 2501
4217 2501
2501 784
2501 4218
784 2501
4218 2501
2501 783
2501 4219
783 2501
4219 2501
2501 782
2501 4220
782 2501
4220 2501
2501 781
2501 4221
781 2501
4221 2501
2501 780
2501 4222
780 2501
4222 2501
2501 779
2501 4223
779 2501
4223 2501
2501 778
2501 4224
778 2501
4224 2501
2501 777
2501 4225
777 2501
4225 2501
2501 776
2501 4226
776 2501
4226 2501
2501 775
2501 4227
775 2501
4227 2501
2501 774
2501 4228
774 2501
4228 2501
2501 773
2501 4229
773 2501
4229 2501
2501 772
2501 4230
772 2501
4230 2501
2501 771
2501 4231
771 2501
4231 2501
2501 770
2501 4232
770 2501
4232 2501
2501 769
2501 4233
769 2501
4233 2501
2501 768
2501 4234
768 2501
4234 2501
2501 767
2501 4235
767 2501
4235 2501
2501 766
2501 4236
766 2501
4236 2501
2501 765
2501 4237
765 2501
4237 2501
2501 764
2501 4238
764 2501
4238 2501
2501 763
2501 4239
763 2501
4239 2501
2501 762
2501 4240
762 2501
4240 2501
2501 761
2501 4241
761 2501
4241 2501
2501 760
2501 4242
760 2501
4242 2501
2501 759
2501 4243
759 2501
4243 2501
2501 758
2501 4244
758 2501
4244 2501
2501 757
2501 4245
757 2501
4245 2501
2501 756
2501 4246
756 2501
4246 2501
2501 755
2501 4247
755 2501
4247 2501
2501 754
2501 4248
754 2501
4248 2501
2501 753
2501 4249
753 2501
4249 2501
2501 752
2501 4250
752 2501
4250 2501
2501 751
2501 4251
751 2501
4251 2501
2501 750
2501 4252
750 2501
4252 2501
2501 749
2501 4253
749 2501
4253 2501
2501 748
2501 4254
748 2501
4254 2501
2501 747
2501 4255
747 2501
4255 2501
2501 746
2501 4256
746 2501
4256 2501
2501 745
2501 4257
745 2501
4257 2501
2501 744
2501 4258
744 2501
4258 2501
2501 743
2501 4259
743 2501
4259 2501
2501 742
2501 4260
742 2501
4260 2501
2501 741
2501 4261
741 2501
4261 2501
2501 740
2501 4262
740 2501
4262 2501
2501 739
2501 4263
739 2501
4263 2501
2501 738
2501 4264
738 2501
4264 2501
2501 737
2501 4265
737 2501
4265 2501
2501 736
2501 4266
736 2501
4266 2501
2501 735
2501 4267
735 2501
4267 2501
2501 734
2501 4268
734 2501
4268 2501
2501 733
2501 4269
733 2501
4269 2501
2501 732
2501 4270
732 2501
4270 2501
2501 731
2501 4271
731 2501
4271 2501
2501 730
2501 4272
730 2501
4272 2501
2501 729
2501 4273
729 2501
4273 2501
2501 728
2501 4274
728 2501
4274 2501
2501 727
2501 4275
727 2501
4275 2501
2501 726
2501 4276
726 2501
4276 2501
2501 725
2501 4277
725 2501
4277 2501
2501 724
2501 4278
724 2501
4278 2501
2501 723
2501 4279
723 2501
4279 2501
2501 722
2501 4280
722 2501
4280 2501
2501 721
2501 4281
721 2501
4281 2501
2501 720
2501 4282
720 2501
4282 2501
2501 719
2501 4283
719 2501
4283 2501
2501 718
2501 4284
718 2501
4284 2501
2501 717
2501 4285
717 2501
4285 2501
2501 716
2501 4286
716 2501
4286 2501
2501 715
2501 4287
715 2501
4287 2501
2501 714
2501 4288
714 2501
4288 2501
2501 713
2501 4289
713 2501
4289 2501
2501 712
2501 4290
712 2501
4290 2501
2501 711
2501 4291
711 2501
4291 2501
2501 710
2501 4292
710 2501
4292 2501
2501 709
2501 4293
709 2501
4293 2501
2501 708
2501 4294
708 2501
4294 2501
2501 707
2501 4295
707 2501
4295 2501
2501 706
2501 4296
706 2501
4296 2501
2501 705
2501 4297
705 2501
4297 2501
2501 704
2501 4298
704 2501
4298 2501
2501 703
2501 4299
703 2501
4299 2501
2501 702
2501 4300
702 2501
4300 2501
2501 701
2501 4301
701 2501
4301 2501
2501 700
2501 4302
700 2501
4302 2501
2501 699
2501 4303
699 2501
4303 2501
2501 698
2501 4304
698 2501
4304 2501
2501 697
2501 4305
697 2501
4305 2501
2501 696
2501 4306
696 2501
4306 2501
2501 695
2501 4307
695 2501
4307 2501
2501 694
2501 4308
694 2501
4308 2501
2501 693
2501 4309
693 2501
4309 2501
2501 692
2501 4310
692 2501
4310 2501
2501 691
2501 4311
691 2501
4311 2501
2501 690
2501 4312
690 2501
4312 2501
2501 689
2501 4313
689 2501
4313 2501
2501 688
2501 4314
688 2501
4314 2501
2501 687
2501 4315
687 2501
4315 2501
2501 686
2501 4316
686 2501
4316 2501
2501 685
2501 4317
685 2501
4317 2501
2501 684
2501 4318
684 2501
4318 2501
2501 683
2501 4319
683 2501
4319 2501
2501 682
2501 4320
682 2501
4320 2501
2501 681
2501 4321
681 2501
4321 2501
2501 680
2501 4322
680 2501
4322 2501
2501 679
2501 4323
679 2501
4323 2501
2501 678
2501 4324
678 2501
4324 2501
2501 677
2501 4325
677 2501
4325 2501
2501 676
2501 4326
676 2501
4326 2501
2501 675
2501 4327
675 2501
4327 2501
2501 674
2501 4328
674 2501
4328 2501
2501 673
2501 4329
673 2501
4329 2501
2501 672
2501 4330
672 2501
4330 2501
2501 671
2501 4331
671 2501
4331 2501
2501 670
2501 4332
670 2501
4332 2501
2501 669
2501 4333
669 2501
4333 2501
2501 668
2501 4334
668 2501
4334 2501
2501 667
2501 4335
667 2501
4335 2501
2501 666
2501 4336
666 2501
4336 2501
2501 665
2501 4337
665 2501
4337 2501
2501 664
2501 4338
664 2501
4338 2501
2501 663
2501 4339
663 2501
4339 2501
2501 662
2501 4340
662 2501
4340 2501
2501 661
2501 4341
661 2501
4341 2501
2501 660
2501 4342
660 2501
4342 2501
2501 659
2501 4343
659 2501
4343 2501
2501 658
2501 4344
658 2501
4344 2501
2501 657
2501 4345
657 2501
4345 2501
2501 656
2501 4346
656 2501
4346 2501
2501 655
2501 4347
655 2501
4347 2501
2501 654
2501 4348
654 2501
4348 2501
2501 653
2501 4349
653 2501
4349 2501
2501 652
2501 4350
652 2501
4350 2501
2501 651
2501 4351
651 2501
4351 2501
2501 650
2501 4352
650 2501
4352 2501
2501 649
2501 4353
649 2501
4353 2501
2501 648
2501 4354
648 2501
4354 2501
2501 647
2501 4355
647 2501
4355 2501
2501 646
2501 4356
646 2501
4356 2501
2501 645
2501 4357
645 2501
4357 2501
2501 644
2501 4358
644 2501
4358 2501
2501 643
2501 4359
643 2501
4359 2501
2501 642
2501 4360
642 2501
4360 2501
2501 641
2501 4361
641 2501
4361 2501
2501 640
2501 4362
640 2501
4362 2501
2501 639
2501 4363
639 2501
4363 2501
2501 638
2501 4364
638 2501
4364 2501
2501 637
2501 4365
637 2501
4365 2501
2501 636
2501 4366
636 2501
4366 2501
2501 635
2501 4367
635 2501
4367 2501
2501 634
2501 4368
634 2501
4368 2501
2501 633
2501 4369
633 2501
4369 2501
2501 632
2501 4370
632 2501
4370 2501
2501 631
2501 4371
631 2501
4371 2501
2501 630
2501 4372
630 2501
4372 2501
2501 629
2501 4373
629 2501
4373 2501
2501 628
2501 4374
628 2501
4374 2501
2501 627
2501 4375
627 2501
4375 2501
2501 626
2501 4376
626 2501
4376 2501
2501 625
2501 4377
625 2501
4377 2501
2501 624
2501 4378
624 2501
4378 2501
2501 623
2501 4379
623 2501
4379 2501
2501 622
2501 4380
622 2501
4380 2501
2501 621
2501 4381
621 2501
4381 2501
2501 620
2501 4382
620 2501
4382 2501
2501 619
2501 4383
619 2501
4383 2501
2501 618
2501 4384
618 2501
4384 2501
2501 617
2501 4385
617 2501
4385 2501
2501 616
2501 4386
616 2501
4386 2501
2501 615
2501 4387
615 2501
4387 2501
2501 614
2501 4388
614 2501
4388 2501
2501 613
2501 4389
613 2501
4389 2501
2501 612
2501 4390
612 2501
4390 2501
2501 611
2501 4391
611 2501
4391 2501
2501 610
2501 4392
610 2501
4392 2501
2501 609
2501 4393
609 2501
4393 2501
2501 608
2501 4394
608 2501
4394 2501
2501 607
2501 4395
607 2501
4395 2501
2501 606
2501 4396
606 2501
4396 2501
2501 605
2501 4397
605 2501
4397 2501
2501 604
2501 4398
604 2501
4398 2501
2501 603
2501 4399
603 2501
4399 2501
2501 602
2501 4400
602 2501
4400 2501
2501 601
2501 4401
601 2501
4401 2501
2501 600
2501 4402
600 2501
4402 2501
2501 599
2501 4403
599 2501
4403 2501
2501 598
2501 4404
598 2501
4404 2501
2501 597
2501 4405
597 2501
4405 2501
2501 596
2501 4406
596 2501
4406 2501
2501 595
2501 4407
595 2501
4407 2501
2501 594
2501 4408
594 2501
4408 2501
2501 593
2501 4409
593 2501
4409 2501
2501 592
2501 4410
592 2501
4410 2501
2501 591
2501 4411
591 2501
4411 2501
2501 590
2501 4412
590 2501
4412 2501
2501 589
2501 4413
589 2501
4413 2501
2501 588
2501 4414
588 2501
4414 2501
2501 587
2501 4415
587 2501
4415 2501
2501 586
2501 4416
586 2501
4416 2501
2501 585
2501 4417
585 2501
4417 2501
2501 584
2501 4418
584 2501
4418 2501
2501 583
2501 4419
583 2501
4419 2501
2501 582
2501 4420
582 2501
4420 2501
2501 581
2501 4421
581 2501
4421 2501
2501 580
2501 4422
580 2501
4422 2501
2501 579
2501 4423
579 2501
4423 2501
2501 578
2501 4424
578 2501
4424 2501
2501 577
2501 4425
577 2501
4425 2501
2501 576
2501 4426
576 2501
4426 2501
2501 575
2501 4427
575 2501
4427 2501
2501 574
2501 4428
574 2501
4428 2501
2501 573
2501 4429
573 2501
4429 2501
2501 572
2501 4430
572 2501
4430 2501
2501 571
2501 4431
571 2501
4431 2501
2501 570
2501 4432
570 2501
4432 2501
2501 569
2501 4433
569 2501
4433 2501
2501 568
2501 4434
568 2501
4434 2501
2501 567
2501 4435
567 2501
4435 2501
2501 566
2501 4436
566 2501
4436 2501
2501 565
2501 4437
565 2501
4437 2501
2501 564
2501 4438
564 2501
4438 2501
2501 563
2501 4439
563 2501
4439 2501
2501 562
2501 4440
562 2501
4440 2501
2501 561
2501 4441
561 2501
4441 2501
2501 560
2501 4442
560 2501
4442 2501
2501 559
2501 4443
559 2501
4443 2501
2501 558
2501 4444
558 2501
4444 2501
2501 557
2501 4445
557 2501
4445 2501
2501 556
2501 4446
556 2501
4446 2501
2501 555
2501 4447
555 2501
4447 2501
2501 554
2501 4448
554 2501
4448 2501
2501 553
2501 4449
553 2501
4449 2501
2501 552
2501 4450
552 2501
4450 2501
2501 551
2501 4451
551 2501
4451 2501
2501 550
2501 4452
550 2501
4452 2501
2501 549
2501 4453
549 2501
4453 2501
2501 548
2501 4454
548 2501
4454 2501
2501 547
2501 4455
547 2501
4455 2501
2501 546
2501 4456
546 2501
4456 2501
2501 545
2501 4457
545 2501
4457 2501
2501 544
2501 4458
544 2501
4458 2501
2501 543
2501 4459
543 2501
4459 2501
2501 542
2501 4460
542 2501
4460 2501
2501 541
2501 4461
541 2501
4461 2501
2501 540
2501 4462
540 2501
4462 2501
2501 539
2501 4463
539 2501
4463 2501
2501 538
2501 4464
538 2501
4464 2501
2501 537
2501 4465
537 2501
4465 2501
2501 536
2501 4466
536 2501
4466 2501
2501 535
2501 4467
535 2501
4467 2501
2501 534
2501 4468
534 2501
4468 2501
2501 533
2501 4469
533 2501
4469 2501
2501 532
2501 4470
532 2501
4470 2501
2501 531
2501 4471
531 2501
4471 2501
2501 530
2501 4472
530 2501
4472 2501
2501 529
2501 4473
529 2501
4473 2501
2501 528
2501 4474
528 2501
4474 2501
2501 527
2501 4475
527 2501
4475 2501
2501 526
2501 4476
526 2501
4476 2501
2501 525
2501 4477
525 2501
4477 2501
2501 524
2501 4478
524 2501
4478 2501
2501 523
2501 4479
523 2501
4479 2501
2501 522
2501 4480
522 2501
4480 2501
2501 521
2501 4481
521 2501
4481 2501
2501 520
2501 4482
520 2501
4482 2501
2501 519
2501 4483
519 2501
4483 2501
2501 518
2501 4484
518 2501
4484 2501
2501 517
2501 4485
517 2501
4485 2501
2501 516
2501 4486
516 2501
4486 2501
2501 515
2501 4487
515 2501
4487 2501
2501 514
2501 4488
514 2501
4488 2501
2501 513
2501 4489
513 2501
4489 2501
2501 512
2501 4490
512 2501
4490 2501
2501 511
2501 4491
511 2501
4491 2501
2501 510
2501 4492
510 2501
4492 2501
2501 509
2501 4493
509 2501
4493 2501
2501 508
2501 4494
508 2501
4494 2501
2501 507
2501 4495
507 2501
4495 2501
2501 506
2501 4496
506 2501
4496 2501
2501 505
2501 4497
505 2501
4497 2501
2501 504
2501 4498
504 2501
4498 2501
2501 503
2501 4499
503 2501
4499 2501
2501 502
2501 4500
502 2501
4500 2501
2501 501
2501 4501
501 2501
4501 2501
2501 500
2501 4502
500 2501
4502 2501
2501 499
2501 4503
499 2501
4503 2501
2501 498
2501 4504
498 2501
4504 2501
2501 497
2501 4505
497 2501
4505 2501
2501 496
2501 4506
496 2501
4506 2501
2501 495
2501 4507
495 2501
4507 2501
2501 494
2501 4508
494 2501
4508 2501
2501 493
2501 4509
493 2501
4509 2501
2501 492
2501 4510
492 2501
4510 2501
2501 491
2501 4511
491 2501
4511 2501
2501 490
2501 4512
490 2501
4512 2501
2501 489
2501 4513
489 2501
4513 2501
2501 488
2501 4514
488 2501
4514 2501
2501 487
2501 4515
487 2501
4515 2501
2501 486
2501 4516
486 2501
4516 2501
2501 485
2501 4517
485 2501
4517 2501
2501 484
2501 4518
484 2501
4518 2501
2501 483
2501 4519
483 2501
4519 2501
2501 482
2501 4520
482 2501
4520 2501
2501 481
2501 4521
481 2501
4521 2501
2501 480
2501 4522
480 2501
4522 2501
2501 479
2501 4523
479 2501
4523 2501
2501 478
2501 4524
478 2501
4524 2501
2501 477
2501 4525
477 2501
4525 2501
2501 476
2501 4526
476 2501
4526 2501
2501 475
2501 4527
475 2501
4527 2501
2501 474
2501 4528
474 2501
4528 2501
2501 473
2501 4529
473 2501
4529 2501
2501 472
2501 4530
472 2501
4530 2501
2501 471
2501 4531
471 2501
4531 2501
2501 470
2501 4532
470 2501
4532 2501
2501 469
2501 4533
469 2501
4533 2501
2501 468
2501 4534
468 2501
4534 2501
2501 467
2501 4535
467 2501
4535 2501
2501 466
2501 4536
466 2501
4536 2501
2501 465
2501 4537
465 2501
4537 2501
2501 464
2501 4538
464 2501
4538 2501
2501 463
2501 4539
463 2501
4539 2501
2501 462
2501 4540
462 2501
4540 2501
2501 461
2501 4541
461 2501
4541 2501
2501 460
2501 4542
460 2501
4542 2501
2501 459
2501 4543
459 2501
4543 2501
2501 458
2501 4544
458 2501
4544 2501
2501 457
2501 4545
457 2501
4545 2501
2501 456
2501 4546
456 2501
4546 2501
2501 455
2501 4547
455 2501
4547 2501
2501 454
2501 4548
454 2501
4548 2501
2501 453
2501 4549
453 2501
4549 2501
2501 452
2501 4550
452 2501
4550 2501
2501 451
2501 4551
451 2501
4551 2501
2501 450
2501 4552
450 2501
4552 2501
2501 449
2501 4553
449 2501
4553 2501
2501 448
2501 4554
448 2501
4554 2501
2501 447
2501 4555
447 2501
4555 2501
2501 446
2501 4556
446 2501
4556 2501
2501 445
2501 4557
445 2501
4557 2501
2501 444
2501 4558
444 2501
4558 2501
2501 443
2501 4559
443 2501
4559 2501
2501 442
2501 4560
442 2501
4560 2501
2501 441
2501 4561
441 2501
4561 2501
2501 440
2501 4562
440 2501
4562 2501
2501 439
2501 4563
439 2501
4563 2501
2501 438
2501 4564
438 2501
4564 2501
2501 437
2501 4565
437 2501
4565 2501
2501 436
2501 4566
436 2501
4566 2501
2501 435
2501 4567
435 2501
4567 2501
2501 434
2501 4568
434 2501
4568 2501
2501 433
2501 4569
433 2501
4569 2501
2501 432
2501 4570
432 2501
4570 2501
2501 431
2501 4571
431 2501
4571 2501
2501 430
2501 4572
430 2501
4572 2501
2501 429
2501 4573
429 2501
4573 2501
2501 428
2501 4574
428 2501
4574 2501
2501 427
2501 4575
427 2501
4575 2501
2501 426
2501 4576
426 2501
4576 2501
2501 425
2501 4577
425 2501
4577 2501
2501 424
2501 4578
424 2501
4578 2501
2501 423
2501 4579
423 2501
4579 2501
2501 422
2501 4580
422 2501
4580 2501
2501 421
2501 4581
421 2501
4581 2501
2501 420
2501 4582
420 2501
4582 2501
2501 419
2501 4583
419 2501
4583 2501
2501 418
2501 4584
418 2501
4584 2501
2501 417
2501 4585
417 2501
4585 2501
2501 416
2501 4586
416 2501
4586 2501
2501 415
2501 4587
415 2501
4587 2501
2501 414
2501 4588
414 2501
4588 2501
2501 413
2501 4589
413 2501
4589 2501
2501 412
2501 4590
412 2501
4590 2501
2501 411
2501 4591
411 2501
4591 2501
2501 410
2501 4592
410 2501
4592 2501
2501 409
2501 4593
409 2501
4593 2501
2501 408
2501 4594
408 2501
4594 2501
2501 407
2501 4595
407 2501
4595 2501
2501 406
2501 4596
406 2501
4596 2501
2501 405
2501 4597
405 2501
4597 2501
2501 404
2501 4598
404 2501
4598 2501
2501 403
2501 4599
403 2501
4599 2501
2501 402
2501 4600
402 2501
4600 2501
2501 401
2501 4601
401 2501
4601 2501
2501 400
2501 4602
400 2501
4602 2501
2501 399
2501 4603
399 2501
4603 2501
2501 398
2501 4604
398 2501
4604 2501
2501 397
2501 4605
397 2501
4605 2501
2501 396
2501 4606
396 2501
4606 2501
2501 395
2501 4607
395 2501
4607 2501
2501 394
2501 4608
394 2501
4608 2501
2501 393
2501 4609
393 2501
4609 2501
2501 392
2501 4610
392 2501
4610 2501
2501 391
2501 4611
391 2501
4611 2501
2501 390
2501 4612
390 2501
4612 2501
2501 389
2501 4613
389 2501
4613 2501
2501 388
2501 4614
388 2501
4614 2501
2501 387
2501 4615
387 2501
4615 2501
2501 386
2501 4616
386 2501
4616 2501
2501 385
2501 4617
385 2501
4617 2501
2501 384
2501 4618
384 2501
4618 2501
2501 383
2501 4619
383 2501
4619 2501
2501 382
2501 4620
382 2501
4620 2501
2501 381
2501 4621
381 2501
4621 2501
2501 380
2501 4622
380 2501
4622 2501
2501 379
2501 4623
379 2501
4623 2501
2501 378
2501 4624
378 2501
4624 2501
2501 377
2501 4625
377 2501
4625 2501
2501 376
2501 4626
376 2501
4626 2501
2501 375
2501 4627
375 2501
4627 2501
2501 374
2501 4628
374 2501
4628 2501
2501 373
2501 4629
373 2501
4629 2501
2501 372
2501 4630
372 2501
4630 2501
2501 371
2501 4631
371 2501
4631 2501
2501 370
2501 4632
370 2501
4632 2501
2501 369
2501 4633
369 2501
4633 2501
2501 368
2501 4634
368 2501
4634 2501
2501 367
2501 4635
367 2501
4635 2501
2501 366
2501 4636
366 2501
4636 2501
2501 365
2501 4637
365 2501
4637 2501
2501 364
2501 4638
364 2501
4638 2501
2501 363
2501 4639
363 2501
4639 2501
2501 362
2501 4640
362 2501
4640 2501
2501 361
2501 4641
361 2501
4641 2501
2501 360
2501 4642
360 2501
4642 2501
2501 359
2501 4643
359 2501
4643 2501
2501 358
2501 4644
358 2501
4644 2501
2501 357
2501 4645
357 2501
4645 2501
2501 356
2501 4646
356 2501
4646 2501
2501 355
2501 4647
355 2501
4647 2501
2501 354
2501 4648
354 2501
4648 2501
2501 353
2501 4649
353 2501
4649 2501
2501 352
2501 4650
352 2501
4650 2501
2501 351
2501 4651
351 2501
4651 2501
2501 350
2501 4652
350 2501
4652 2501
2501 349
2501 4653
349 2501
4653 2501
2501 348
2501 4654
348 2501
4654 2501
2501 347
2501 4655
347 2501
4655 2501
2501 346
2501 4656
346 2501
4656 2501
2501 345
2501 4657
345 2501
4657 2501
2501 344
2501 4658
344 2501
4658 2501
2501 343
2501 4659
343 2501
4659 2501
2501 342
2501 4660
342 2501
4660 2501
2501 341
2501 4661
341 2501
4661 2501
2501 340
2501 4662
340 2501
4662 2501
2501 339
2501 4663
339 2501
4663 2501
2501 338
2501 4664
338 2501
4664 2501
2501 337
2501 4665
337 2501
4665 2501
2501 336
2501 4666
336 2501
4666 2501
2501 335
2501 4667
335 2501
4667 2501
2501 334
2501 4668
334 2501
4668 2501
2501 333
2501 4669
333 2501
4669 2501
2501 332
2501 4670
332 2501
4670 2501
2501 331
2501 4671
331 2501
4671 2501
2501 330
2501 4672
330 2501
4672 2501
2501 329
2501 4673
329 2501
4673 2501
2501 328
2501 4674
328 2501
4674 2501
2501 327
2501 4675
327 2501
4675 2501
2501 326
2501 4676
326 2501
4676 2501
2501 325
2501 4677
325 2501
4677 2501
2501 324
2501 4678
324 2501
4678 2501
2501 323
2501 4679
323 2501
4679 2501
2501 322
2501 4680
322 2501
4680 2501
2501 321
2501 4681
321 2501
4681 2501
2501 320
2501 4682
320 2501
4682 2501
2501 319
2501 4683
319 2501
4683 2501
2501 318
2501 4684
318 2501
4684 2501
2501 317
2501 4685
317 2501
4685 2501
2501 316
2501 4686
316 2501
4686 2501
2501 315
2501 4687
315 2501
4687 2501
2501 314
2501 4688
314 2501
4688 2501
2501 313
2501 4689
313 2501
4689 2501
2501 312
2501 4690
312 2501
4690 2501
2501 311
2501 4691
311 2501
4691 2501
2501 310
2501 4692
310 2501
4692 2501
2501 309
2501 4693
309 2501
4693 2501
2501 308
2501 4694
308 2501
4694 2501
2501 307
2501 4695
307 2501
4695 2501
2501 306
2501 4696
306 2501
4696 2501
2501 305
2501 4697
305 2501
4697 2501
2501 304
2501 4698
304 2501
4698 2501
2501 303
2501 4699
303 2501
4699 2501
2501 302
2501 4700
302 2501
4700 2501
2501 301
2501 4701
301 2501
4701 2501
2501 300
2501 4702
300 2501
4702 2501
2501 299
2501 4703
299 2501
4703 2501
2501 298
2501 4704
298 2501
4704 2501
2501 297
2501 4705
297 2501
4705 2501
2501 296
2501 4706
296 2501
4706 2501
2501 295
2501 4707
295 2501
4707 2501
2501 294
2501 4708
294 2501
4708 2501
2501 293
2501 4709
293 2501
4709 2501
2501 292
2501 4710
292 2501
4710 2501
2501 291
2501 4711
291 2501
4711 2501
2501 290
2501 4712
290 2501
4712 2501
2501 289
2501 4713
289 2501
4713 2501
2501 288
2501 4714
288 2501
4714 2501
2501 287
2501 4715
287 2501
4715 2501
2501 286
2501 4716
286 2501
4716 2501
2501 285
2501 4717
285 2501
4717 2501
2501 284
2501 4718
284 2501
4718 2501
2501 283
2501 4719
283 2501
4719 2501
2501 282
2501 4720
282 2501
4720 2501
2501 281
2501 4721
281 2501
4721 2501
2501 280
2501 4722
280 2501
4722 2501
2501 279
2501 4723
279 2501
4723 2501
2501 278
2501 4724
278 2501
4724 2501
2501 277
2501 4725
277 2501
4725 2501
2501 276
2501 4726
276 2501
4726 2501
2501 275
2501 4727
275 2501
4727 2501
2501 274
2501 4728
274 2501
4728 2501
2501 273
2501 4729
273 2501
4729 2501
2501 272
2501 4730
272 2501
4730 2501
2501 271
2501 4731
271 2501
4731 2501
2501 270
2501 4732
270 2501
4732 2501
2501 269
2501 4733
269 2501
4733 2501
2501 268
2501 4734
268 2501
4734 2501
2501 267
2501 4735
267 2501
4735 2501
2501 266
2501 4736
266 2501
4736 2501
2501 265
2501 4737
265 2501
4737 2501
2501 264
2501 4738
264 2501
4738 2501
2501 263
2501 4739
263 2501
4739 2501
2501 262
2501 4740
262 2501
4740 2501
2501 261
2501 4741
261 2501
4741 2501
2501 260
2501 4742
260 2501
4742 2501
2501 259
2501 4743
259 2501
4743 2501
2501 258
2501 4744
258 2501
4744 2501
2501 257
2501 4745
257 2501
4745 2501
2501 256
2501 4746
256 2501
4746 2501
2501 255
2501 4747
255 2501
4747 2501
2501 254
2501 4748
254 2501
4748 2501
2501 253
2501 4749
253 2501
4749 2501
2501 252
2501 4750
252 2501
4750 2501
2501 251
2501 4751
251 2501
4751 2501
2501 250
2501 4752
250 2501
4752 2501
2501 249
2501 4753
249 2501
4753 2501
2501 248
2501 4754
248 2501
4754 2501
2501 247
2501 4755
247 2501
4755 2501
2501 246
2501 4756
246 2501
4756 2501
2501 245
2501 4757
245 2501
4757 2501
2501 244
2501 4758
244 2501
4758 2501
2501 243
2501 4759
243 2501
4759 2501
2501 242
2501 4760
242 2501
4760 2501
2501 241
2501 4761
241 2501
4761 2501
2501 240
2501 4762
240 2501
4762 2501
2501 239
2501 4763
239 2501
4763 2501
2501 238
2501 4764
238 2501
4764 2501
2501 237
2501 4765
237 2501
4765 2501
2501 236
2501 4766
236 2501
4766 2501
2501 235
2501 4767
235 2501
4767 2501
2501 234
2501 4768
234 2501
4768 2501
2501 233
2501 4769
233 2501
4769 2501
2501 232
2501 4770
232 2501
4770 2501
2501 231
2501 4771
231 2501
4771 2501
2501 230
2501 4772
230 2501
4772 2501
2501 229
2501 4773
229 2501
4773 2501
2501 228
2501 4774
228 2501
4774 2501
2501 227
2501 4775
227 2501
4775 2501
2501 226
2501 4776
226 2501
4776 2501
2501 225
2501 4777
225 2501
4777 2501
2501 224
2501 4778
224 2501
4778 2501
2501 223
2501 4779
223 2501
4779 2501
2501 222
2501 4780
222 2501
4780 2501
2501 221
2501 4781
221 2501
4781 2501
2501 220
2501 4782
220 2501
4782 2501
2501 219
2501 4783
219 2501
4783 2501
2501 218
2501 4784
218 2501
4784 2501
2501 217
2501 4785
217 2501
4785 2501
2501 216
2501 4786
216 2501
4786 2501
2501 215
2501 4787
215 2501
4787 2501
2501 214
2501 4788
214 2501
4788 2501
2501 213
2501 4789
213 2501
4789 2501
2501 212
2501 4790
212 2501
4790 2501
2501 211
2501 4791
211 2501
4791 2501
2501 210
2501 4792
210 2501
4792 2501
2501 209
2501 4793
209 2501
4793 2501
2501 208
2501 4794
208 2501
4794 2501
2501 207
2501 4795
207 2501
4795 2501
2501 206
2501 4796
206 2501
4796 2501
2501 205
2501 4797
205 2501
4797 2501
2501 204
2501 4798
204 2501
4798 2501
2501 203
2501 4799
203 2501
4799 2501
2501 202
2501 4800
202 2501
4800 2501
2501 201
2501 4801
201 2501
4801 2501
2501 200
2501 4802
200 2501
4802 2501
2501 199
2501 4803
199 2501
4803 2501
2501 198
2501 4804
198 2501
4804 2501
2501 197
2501 4805
197 2501
4805 2501
2501 196
2501 4806
196 2501
4806 2501
2501 195
2501 4807
195 2501
4807 2501
2501 194
2501 4808
194 2501
4808 2501
2501 193
2501 4809
193 2501
4809 2501
2501 192
2501 4810
192 2501
4810 2501
2501 191
2501 4811
191 2501
4811 2501
2501 190
2501 4812
190 2501
4812 2501
2501 189
2501 4813
189 2501
4813 2501
2501 188
2501 4814
188 2501
4814 2501
2501 187
2501 4815
187 2501
4815 2501
2501 186
2501 4816
186 2501
4816 2501
2501 185
2501 4817
185 2501
4817 2501
2501 184
2501 4818
184 2501
4818 2501
2501 183
2501 4819
183 2501
4819 2501
2501 182
2501 4820
182 2501
4820 2501
2501 181
2501 4821
181 2501
4821 2501
2501 180
2501 4822
180 2501
4822 2501
2501 179
2501 4823
179 2501
4823 2501
2501 178
2501 4824
178 2501
4824 2501
2501 177
2501 4825
177 2501
4825 2501
2501 176
2501 4826
176 2501
4826 2501
2501 175
2501 4827
175 2501
4827 2501
2501 174
2501 4828
174 2501
4828 2501
2501 173
2501 4829
173 2501
4829 2501
2501 172
2501 4830
172 2501
4830 2501
2501 171
2501 4831
171 2501
4831 2501
2501 170
2501 4832
170 2501
4832 2501
2501 169
2501 4833
169 2501
4833 2501
2501 168
2501 4834
168 2501
4834 2501
2501 167
2501 4835
167 2501
4835 2501
2501 166
2501 4836
166 2501
4836 2501
2501 165
2501 4837
165 2501
4837 2501
2501 164
2501 4838
164 2501
4838 2501
2501 163
2501 4839
163 2501
4839 2501
2501 162
2501 4840
162 2501
4840 2501
2501 161
2501 4841
161 2501
4841 2501
2501 160
2501 4842
160 2501
4842 2501
2501 159
2501 4843
159 2501
4843 2501
2501 158
2501 4844
158 2501
4844 2501
2501 157
2501 4845
157 2501
4845 2501
2501 156
2501 4846
156 2501
4846 2501
2501 155
2501 4847
155 2501
4847 2501
2501 154
2501 4848
154 2501
4848 2501
2501 153
2501 4849
153 2501
4849 2501
2501 152
2501 4850
152 2501
4850 2501
2501 151
2501 4851
151 2501
4851 2501
2501 150
2501 4852
150 2501
4852 2501
2501 149
2501 4853
149 2501
4853 2501
2501 148
2501 4854
148 2501
4854 2501
2501 147
2501 4855
147 2501
4855 2501
2501 146
2501 4856
146 2501
4856 2501
2501 145
2501 4857
145 2501
4857 2501
2501 144
2501 4858
144 2501
4858 2501
2501 143
2501 4859
143 2501
4859 2501
2501 142
2501 4860
142 2501
4860 2501
2501 141
2501 4861
141 2501
4861 2501
2501 140
2501 4862
140 2501
4862 2501
2501 139
2501 4863
139 2501
4863 2501
2501 138
2501 4864
138 2501
4864 2501
2501 137
2501 4865
137 2501
4865 2501
2501 136
2501 4866
136 2501
4866 2501
2501 135
2501 4867
135 2501
4867 2501
2501 134
2501 4868
134 2501
4868 2501
2501 133
2501 4869
133 2501
4869 2501
2501 132
2501 4870
132 2501
4870 2501
2501 131
2501 4871
131 2501
4871 2501
2501 130
2501 4872
130 2501
4872 2501
2501 129
2501 4873
129 2501
4873 2501
2501 128
2501 4874
128 2501
4874 2501
2501 127
2501 4875
127 2501
4875 2501
2501 126
2501 4876
126 2501
4876 2501
2501 125
2501 4877
125 2501
4877 2501
2501 124
2501 4878
124 2501
4878 2501
2501 123
2501 4879
123 2501
4879 2501
2501 122
2501 4880
122 2501
4880 2501
2501 121
2501 4881
121 2501
4881 2501
2501 120
2501 4882
120 2501
4882 2501
2501 119
2501 4883
119 2501
4883 2501
2501 118
2501 4884
118 2501
4884 2501
2501 117
2501 4885
117 2501
4885 2501
2501 116
2501 4886
116 2501
4886 2501
2501 115
2501 4887
115 2501
4887 2501
2501 114
2501 4888
114 2501
4888 2501
2501 113
2501 4889
113 2501
4889 2501
2501 112
2501 4890
112 2501
4890 2501
2501 111
2501 4891
111 2501
4891 2501
2501 110
2501 4892
110 2501
4892 2501
2501 109
2501 4893
109 2501
4893 2501
2501 108
2501 4894
108 2501
4894 2501
2501 107
2501 4895
107 2501
4895 2501
2501 106
2501 4896
106 2501
4896 2501
2501 105
2501 4897
105 2501
4897 2501
2501 104
2501 4898
104 2501
4898 2501
2501 103
2501 4899
103 2501
4899 2501
2501 102
2501 4900
102 2501
4900 2501
2501 101
2501 4901
101 2501
4901 2501
2501 100
2501 4902
100 2501
4902 2501
2501 99
2501 4903
99 2501
4903 2501
2501 98
2501 4904
98 2501
4904 2501
2501 97
2501 4905
97 2501
4905 2501
2501 96
2501 4906
96 2501
4906 2501
2501 95
2501 4907
95 2501
4907 2501
2501 94
2501 4908
94 2501
4908 2501
2501 93
2501 4909
93 2501
4909 2501
2501 92
2501 4910
92 2501
4910 2501
2501 91
2501 4911
91 2501
4911 2501
2501 90
2501 4912
90 2501
4912 2501
2501 89
2501 4913
89 2501
4913 2501
2501 88
2501 4914
88 2501
4914 2501
2501 87
2501 4915
87 2501
4915 2501
2501 86
2501 4916
86 2501
4916 2501
2501 85
2501 4917
85 2501
4917 2501
2501 84
2501 4918
84 2501
4918 2501
2501 83
2501 4919
83 2501
4919 2501
2501 82
2501 4920
82 2501
4920 2501
2501 81
2501 4921
81 2501
4921 2501
2501 80
2501 4922
80 2501
4922 2501
2501 79
2501 4923
79 2501
4923 2501
2501 78
2501 4924
78 2501
4924 2501
2501 77
2501 4925
77 2501
4925 2501
2501 76
2501 4926
76 2501
4926 2501
2501 75
2501 4927
75 2501
4927 2501
2501 74
2501 4928
74 2501
4928 2501
2501 73
2501 4929
73 2501
4929 2501
2501 72
2501 4930
72 2501
4930 2501
2501 71
2501 4931
71 2501
4931 2501
2501 70
2501 4932
70 2501
4932 2501
2501 69
2501 4933
69 2501
4933 2501
2501 68
2501 4934
68 2501
4934 2501
2501 67
2501 4935
67 2501
4935 2501
2501 66
2501 4936
66 2501
4936 2501
2501 65
2501 4937
65 2501
4937 2501
2501 64
2501 4938
64 2501
4938 2501
2501 63
2501 4939
63 2501
4939 2501
2501 62
2501 4940
62 2501
4940 2501
2501 61
2501 4941
61 2501
4941 2501
2501 60
2501 4942
60 2501
4942 2501
2501 59
2501 4943
59 2501
4943 2501
2501 58
2501 4944
58 2501
4944 2501
2501 57
2501 4945
57 2501
4945 2501
2501 56
2501 4946
56 2501
4946 2501
2501 55
2501 4947
55 2501
4947 2501
2501 54
2501 4948
54 2501
4948 2501
2501 53
2501 4949
53 2501
4949 2501
2501 52
2501 4950
52 2501
4950 2501
2501 51
2501 4951
51 2501
4951 2501
2501 50
2501 4952
50 2501
4952 2501
2501 49
2501 4953
49 2501
4953 2501
2501 48
2501 4954
48 2501
4954 2501
2501 47
2501 4955
47 2501
4955 2501
2501 46
2501 4956
46 2501
4956 2501
2501 45
2501 4957
45 2501
4957 2501
2501 44
2501 4958
44 2501
4958 2501
2501 43
2501 4959
43 2501
4959 2501
2501 42
2501 4960
42 2501
4960 2501
2501 41
2501 4961
41 2501
4961 2501
2501 40
2501 4962
40 2501
4962 2501
2501 39
2501 4963
39 2501
4963 2501
2501 38
2501 4964
38 2501
4964 2501
2501 37
2501 4965
37 2501
4965 2501
2501 36
2501 4966
36 2501
4966 2501
2501 35
2501 4967
35 2501
4967 2501
2501 34
2501 4968
34 2501
4968 2501
2501 33
2501 4969
33 2501
4969 2501
2501 32
2501 4970
32 2501
4970 2501
2501 31
2501 4971
31 2501
4971 2501
2501 30
2501 4972
30 2501
4972 2501
2501 29
2501 4973
29 2501
4973 2501
2501 28
2501 4974
28 2501
4974 2501
2501 27
2501 4975
27 2501
4975 2501
2501 26
2501 4976
26 2501
4976 2501
2501 25
2501 4977
25 2501
4977 2501
2501 24
2501 4978
24 2501
4978 2501
2501 23
2501 4979
23 2501
4979 2501
2501 22
2501 4980
22 2501
4980 2501
2501 21
2501 4981
21 2501
4981 2501
2501 20
2501 4982
20 2501
4982 2501
2501 19
2501 4983
19 2501
4983 2501
2501 18
2501 4984
18 2501
4984 2501
2501 17
2501 4985
17 2501
4985 2501
2501 16
2501 4986
16 2501
4986 2501
2501 15
2501 4987
15 2501
4987 2501
2501 14
2501 4988
14 2501
4988 2501
2501 13
2501 4989
13 2501
4989 2501
2501 12
2501 4990
12 2501
4990 2501
2501 11
2501 4991
11 2501
4991 2501
2501 10
2501 4992
10 2501
4992 2501
2501 9
2501 4993
9 2501
4993 2501
2501 8
2501 4994
8 2501
4994 2501
2501 7
2501 4995
7 2501
4995 2501
2501 6
2501 4996
6 2501
4996 2501
2501 5
2501 4997
5 2501
4997 2501
2501 4
2501 4998
4 2501
4998 2501
2501 3
2501 4999
3 2501
4999 2501
2501 2
2501 5000
2 2501
5000 2501
2501 1
2501 5001
1 2501
5001 2501
2501 2501
