1000
11 10
330 258
196 125
90 6
7 77
32 808
5 29
337 32
3 434
448 1044
221 12
9 1333
15 400
3 755
179 685
1143 339
39 64
892 614
32 158
577 134
122 259
76 441
250 9
46 480
483 0
102 845
782 291
1214 903
699 1
214 188
95 313
2 2
1183 84
728 853
780 934
275 829
2 752
1157 204
272 175
232 268
103 36
0 240
488 1275
76 3
635 41
39 686
449 8
960 875
0 1005
501 38
53 1104
135 124
604 1023
389 895
1138 607
1094 41
393 109
568 3
52 65
69 8
101 690
1228 1
483 100
184 1123
326 396
1297 13
1 28
1 4
2 26
260 97
105 347
955 212
424 1101
105 633
50 89
937 647
1 70
335 5
307 183
644 1150
967 94
736 198
403 1203
1 46
190 61
649 163
265 236
692 132
590 1012
49 53
449 49
434 424
739 145
124 59
705 436
624 307
476 136
146 50
524 19
21 129
127 240
104 1311
38 520
70 579
19 272
1175 62
465 129
939 25
1085 1
949 1126
21 468
98 1198
267 30
1130 815
71 18
6 6
884 224
67 76
950 175
4 12
8 254
256 144
516 33
92 715
856 205
0 253
6 213
446 1155
401 456
261 169
843 12
904 915
575 19
125 399
243 115
255 468
183 384
905 184
763 323
164 274
1160 343
262 252
1224 671
207 992
341 133
3 585
176 3
201 3
200 62
32 204
196 102
753 255
618 10
130 727
880 161
42 106
67 149
865 410
320 65
17 0
1254 91
115 423
515 819
932 38
57 244
32 110
10 554
961 406
1 124
739 1080
868 842
86 337
320 106
22 74
54 48
802 232
55 23
3 1
95 240
162 281
494 14
251 571
445 493
176 190
249 1242
39 101
23 193
1202 887
158 78
618 415
629 497
0 115
885 289
1006 922
153 612
1218 49
502 97
159 6
6 93
818 26
232 95
279 40
38 583
456 12
1023 1009
223 1292
171 110
2 50
36 586
1283 67
599 165
659 0
1122 659
56 13
1220 193
161 0
163 2
235 1250
11 198
1199 0
58 846
699 120
418 17
29 361
6 347
603 1113
222 175
789 276
211 935
67 10
88 677
91 487
4 142
264 423
0 90
170 139
948 10
625 109
104 122
58 5
1192 13
549 273
175 457
1227 3
246 1065
930 2
536 29
3 124
477 1143
32 188
257 177
232 1261
393 712
56 93
255 397
390 599
145 706
81 144
669 902
101 9
1039 1
960 194
110 692
3 77
438 571
4 126
226 477
194 584
431 1146
192 685
867 114
184 31
592 302
914 555
9 401
2 168
110 825
364 503
709 159
0 105
545 768
102 331
402 262
24 616
54 806
362 240
659 54
1066 556
23 252
893 27
7 151
102 173
466 13
237 12
52 158
936 115
27 229
412 193
4 52
423 505
164 34
147 72
400 1048
8 279
0 897
0 449
56 22
710 5
874 35
864 246
720 106
607 1081
455 20
177 1300
42 77
431 104
310 461
158 533
35 54
32 119
223 12
403 179
98 185
64 37
200 95
58 1114
138 859
5 72
40 61
0 550
449 2
57 1004
765 0
6 753
22 69
768 799
581 248
626 511
917 82
102 10
0 173
54 395
331 259
305 196
381 101
136 36
668 132
268 146
26 24
526 335
0 156
252 863
0 523
8 236
223 255
375 394
50 21
0 33
46 0
38 42
117 492
347 591
23 651
1 13
235 31
89 6
8 190
149 0
280 696
830 601
380 989
154 1169
601 8
708 824
10 308
229 1104
722 1297
505 446
1254 157
467 519
262 300
293 319
2 626
551 7
37 330
18 0
454 28
93 349
17 191
3 118
1329 1231
89 338
81 0
7 1329
44 824
214 117
1159 164
1237 185
99 18
3 10
44 45
27 421
108 382
102 1196
52 477
29 715
23 26
35 373
817 6
135 96
0 533
44 275
5 569
1 203
864 119
1021 677
4 441
371 0
491 473
17 39
6 183
143 26
947 732
1206 11
32 48
61 922
155 575
258 63
97 794
135 0
365 39
177 857
293 129
1 724
752 14
70 81
119 532
21 1222
596 64
353 175
56 26
324 56
515 44
1003 676
46 336
915 900
117 361
95 133
945 15
30 20
3 1209
861 228
279 45
32 983
422 624
320 219
302 172
27 58
1061 113
159 54
12 1010
4 131
374 18
113 93
523 4
747 140
46 456
190 49
867 25
35 1127
24 241
1102 210
273 495
183 6
34 137
23 290
24 119
93 292
855 596
71 98
996 237
583 157
296 224
796 75
15 429
469 42
65 869
1190 10
1280 3
11 803
43 0
547 327
531 324
157 1
624 570
40 402
23 0
153 8
628 34
805 306
936 628
937 230
124 202
420 4
59 1270
30 162
3 140
0 699
40 0
694 32
74 159
4 6
595 339
213 185
552 143
252 0
623 320
0 43
40 340
843 953
859 59
13 627
601 223
286 730
132 206
16 840
6 128
79 272
565 2
367 800
243 620
122 79
733 758
760 264
168 525
0 344
13 53
1166 18
230 432
184 28
547 14
1135 542
148 133
5 255
120 16
41 25
204 17
208 321
29 20
235 122
344 892
686 132
439 185
624 44
655 178
443 447
55 749
120 813
210 604
241 840
562 43
418 227
471 507
197 564
376 68
83 4
0 502
1323 536
195 4
222 21
1253 797
1 194
38 242
765 127
146 133
36 268
34 346
267 560
1 10
547 432
114 164
73 18
959 98
260 73
247 28
671 31
72 1249
185 510
22 457
164 4
323 275
253 411
318 14
548 120
376 1088
309 114
92 63
24 254
678 128
1064 603
413 96
1014 1291
558 519
585 10
1088 248
16 53
109 61
187 176
905 112
0 569
1216 0
10 218
55 421
7 331
214 260
302 963
33 150
937 612
153 5
80 283
235 612
352 100
8 760
2 511
151 23
146 167
784 3
128 57
478 1271
533 1221
48 1058
288 366
80 322
896 10
14 15
1065 484
90 1
2 857
400 805
11 54
686 225
18 366
96 164
128 18
1 894
183 69
610 929
54 338
920 680
641 105
170 30
126 136
57 14
84 523
28 399
98 132
0 223
165 33
394 346
20 369
164 49
108 320
849 635
1253 1116
123 77
1239 36
428 375
732 449
1249 322
1 5
815 104
0 673
654 84
262 29
491 67
487 420
174 357
35 590
295 21
18 796
25 145
652 358
435 84
197 29
137 56
36 1227
1150 595
487 911
813 384
825 55
842 83
364 0
1 606
84 121
0 1030
1273 203
132 45
6 97
854 107
523 532
96 143
214 44
41 490
11 1295
953 963
277 575
5 737
373 247
514 394
60 145
5 1221
1077 49
175 327
560 6
542 109
820 7
14 88
80 467
392 11
43 349
35 175
1 347
1161 596
1273 6
0 898
4 213
1020 66
11 845
63 358
145 60
1142 625
144 2
1291 476
338 98
367 952
74 137
5 43
1304 126
1214 149
616 510
324 456
0 423
8 14
807 147
290 307
594 608
53 1109
215 204
2 0
194 10
356 115
37 994
118 156
397 391
691 1160
35 507
44 53
24 1118
142 988
33 8
44 87
168 141
24 75
72 262
346 303
1 1083
37 871
88 383
1035 226
115 37
599 8
127 332
746 106
389 366
400 186
10 1048
767 400
1021 4
1 169
50 1275
176 265
7 86
319 930
19 2
444 107
309 32
2 1122
210 38
165 10
309 144
62 134
10 304
42 176
553 75
1226 21
0 1219
8 704
2 45
23 25
103 72
476 865
28 1
1081 493
58 413
59 95
368 0
1262 3
589 10
124 134
199 180
81 380
57 660
7 51
291 94
9 477
281 1069
357 743
1315 1261
6 18
169 74
87 522
54 61
1206 346
1128 75
5 532
15 242
340 48
203 154
2 173
18 66
41 692
18 769
81 114
568 1185
1299 0
2 815
462 12
327 803
352 99
283 1075
1106 93
282 250
586 57
367 877
60 731
14 5
403 688
8 83
56 48
1 192
87 1166
501 177
1009 442
2 71
45 49
2 956
1 366
19 652
90 50
134 1012
379 61
90 51
230 208
856 7
9 966
802 243
54 209
44 254
898 26
112 364
1031 6
975 904
624 7
1124 58
0 0
732 26
41 226
1201 487
43 99
2 533
21 287
365 131
452 705
0 237
57 19
448 29
488 240
795 672
223 347
93 259
924 0
118 36
2 120
206 0
733 687
555 142
769 326
293 726
270 1
116 50
0 989
63 10
7 199
1 557
45 40
635 86
1294 69
254 34
711 8
600 104
1142 67
774 29
88 267
197 589
704 1159
1279 352
195 14
1178 582
0 715
39 26
1037 591
237 0
3 297
910 3
162 15
104 42
441 100
133 169
201 168
3 80
973 877
0 860
264 15
691 22
324 138
601 91
213 1095
112 39
502 594
87 39
1234 8
666 258
590 784
161 600
373 65
98 371
11 694
698 565
1 179
169 107
28 30
46 128
17 19
19 43
701 186
478 341
318 185
1329 443
801 0
563 216
122 226
50 1
97 0
1037 48
53 114
93 471
1120 367
327 25
1303 0
432 0
483 1181
148 708
432 145
123 351
1048 165
2 333
1124 386
1078 279
494 3
195 188
45 70
662 185
15 119
11 207
755 654
223 112
200 18
1330 30
27 437
432 527
1106 1061
140 1214
639 53
113 0
191 75
1071 66
136 327
25 815
279 416
1147 8
247 67
