442
13 10
5197506 670292
5144588 547613
5145783 548381
5144630 545274
5146009 545753
5235941 460725
5077201 570997
5245798 480591
5219194 514662
5141676 547602
5146476 545390
5158777 453311
5146794 563085
5237587 453104
5223848 610110
5198731 594302
5255935 591622
5221485 451577
5208518 562399
5210292 500732
5237102 578469
5230283 456646
5191695 585480
5149527 429593
5204469 610335
5182929 474296
5176657 587902
5087630 605977
5316553 697777
5144544 549233
5143580 549587
5195516 585199
5145651 548371
5206594 514351
5279095 611671
5143266 548517
5124906 570402
5145721 544841
5143229 548898
5217782 608458
5231155 494772
5204582 557335
5170079 531849
5208126 432397
5226533 516308
5288001 600501
5142950 547164
5213010 520494
5190409 431479
5216082 559882
5336089 651855
5175828 550684
5240907 589217
5205627 438948
5218390 529962
5240319 530037
5238300 467117
5226557 557587
5222236 689025
5301466 561608
5304053 566318
5239098 627833
5249510 475417
5204659 449148
5238937 483677
5264506 505462
5248946 479327
5209891 506511
5146250 560880
5273359 647272
5332581 686195
5288655 536002
5144441 359526
5206448 537043
5217809 517916
5216539 530345
5223693 683891
5188957 542308
5265314 508470
5266313 673604
5210017 504424
5192164 440930
5146532 403644
5209119 436985
5145636 578805
5160527 472231
5208108 644926
5304762 584276
5235728 665481
5195516 585199
5202813 553150
5192616 563711
5156752 492932
5231214 504421
5325645 614465
5245367 600169
5193350 613241
5214053 558952
5086113 605728
5261031 667639
5296146 592108
5096743 584330
5226015 671486
5183031 483522
5149524 361817
5094331 584960
5133926 614336
5317491 541128
5190355 434460
5213558 503315
5216753 441794
5240481 462101
5083779 571767
5293292 476434
5239096 460758
5222617 548283
5233902 487306
5128321 607922
5208170 474603
5211039 512517
5156498 505165
5240244 660016
5182675 586749
5192286 438369
5318520 720023
5333208 690690
5196288 596930
5182975 477790
5207644 464662
5207028 432263
5231189 651930
5088669 592961
5205451 430886
5257236 662763
5187411 539257
5341418 672029
5233575 611333
5229832 674870
5319915 581682
5320218 584229
5297208 545642
5234586 491803
5231053 476827
5142219 416036
5191673 425359
5196534 461673
5148055 395680
5227894 497676
5094696 578589
5089618 605807
5147185 547464
5217198 539011
5316072 674029
5100154 585865
5269047 518236
5142638 546975
5237868 490050
5089032 599457
5267062 482409
5090575 593012
5185470 455243
5225050 621547
5143423 548998
5146024 545896
5206629 435947
5324882 603530
5144302 547957
5195755 557793
5137218 615525
5221857 697388
5221639 518732
5236757 519060
5233046 495619
5254561 465925
5246840 480533
5225919 464574
5199092 436470
5232355 493660
5341921 676061
5201254 659462
5192128 657865
5192509 446942
5197506 670292
5146468 359532
5214468 619422
5200599 579266
5150150 366978
5332620 668755
5210719 631704
5151001 538852
5212433 465780
5315983 677077
5330688 659305
5147541 547296
5142008 555080
5205533 464842
5321877 593454
5195415 458404
5312963 571320
5247826 465520
5123625 603289
5238622 474532
5195141 455194
5181123 573015
5202818 567163
5317042 542519
5191965 572284
5165744 529941
5329167 654028
5143306 411736
5201729 517947
5234362 515250
5214007 524171
5226925 682048
5333471 674726
5194335 601462
5230630 693371
5169049 466365
5313923 703510
5206334 519573
5286764 481160
5264380 476386
5171520 536911
5164432 593953
5187998 453076
5239446 527834
5250382 495420
5188259 527174
5230091 561429
5136497 617164
5205533 464842
5152646 601418
5303246 565239
5106074 586262
5315957 686795
5234239 666625
5189451 509345
5190522 450958
5201023 603128
5278529 480513
5233757 561991
5243842 481381
5269959 528764
5187219 499296
5212430 444610
5119317 599446
5220943 596869
5236629 646234
5204338 566837
5147587 566169
5323478 598866
5179448 563686
5085612 587188
5147055 570169
5216629 545867
5219219 543342
5295689 476072
5233729 488951
5154046 445932
5089609 595264
5158484 531910
5197622 412763
5191035 436144
5142707 604186
5170079 531849
5235282 494857
5290282 541069
5145758 549676
5144108 545177
5180798 526308
5143740 547946
5142127 548912
5147289 545951
5143378 549115
5143482 545937
5142877 543792
5146964 547019
5144212 549947
5237699 524446
5097532 582501
5215769 614346
5214675 449263
5250303 625770
5344750 680138
5251142 496768
5180209 471666
5241942 463119
5194672 522721
5225743 616050
5325574 630976
5228096 515699
5189931 519575
5243363 463271
5172722 587396
5186174 585972
5092012 589218
5253388 572293
5086665 589032
5229838 495958
5216674 642658
5159190 599719
5236150 659236
5320616 658231
5244077 657599
5223031 658430
5252205 470237
5250790 547278
5216654 448302
5229237 469781
5249454 468556
5242735 622143
5310322 688458
5234560 496734
5269623 525304
5222389 448449
5195740 621384
5222113 695110
5159477 478199
5176492 552960
5138509 556931
5195914 625985
5323014 655631
5245719 656966
5087069 571733
5148244 546567
5089688 573642
5145833 548737
5145375 546952
5147330 548962
5193718 645865
5088272 575081
5146880 543822
5143307 548876
5142895 549789
5236092 493123
5181771 464752
5143771 547448
5142427 548374
5130413 563035
5315891 679556
5269522 523603
5203471 516802
5208939 510986
5226925 682048
5274860 687424
5237524 521877
5203960 431971
5184326 585301
5201721 470631
5223784 517331
5309011 582231
5340955 667488
5199092 436470
5194208 448114
5250988 641773
5216082 559882
5253355 591275
5182961 481547
5318881 572815
5145295 543635
5269193 619760
5339044 656713
5089648 601956
5250518 609107
5228411 642143
5214664 445610
5198490 592028
5215364 537323
5269459 675806
5323014 655631
5087069 571733
5157515 463664
5148018 549502
5217285 531031
5208793 513114
5192245 636424
5332969 652029
5260014 470100
5193138 558334
5267800 490916
5093880 587588
5206513 525989
5319651 579270
5202321 555800
5089005 604576
5110050 587888
5156038 508393
5317489 661809
5318244 554830
5299203 657076
5245661 481975
5239094 614156
5180755 466844
5333208 690690
5192289 607364
5316173 672208
5158201 519358
5220806 528216
5183373 496820
5247528 656706
5264380 476386
5201507 474130
5145175 545538
5145028 545755
5089061 597542
5238802 463845
5226163 676779
5199449 584119
5182388 579508
5149973 388611
5195859 629621
5324822 640623
5250900 657429
5087358 579648
5157386 499311
5183233 487819
5209077 614704
5220526 600075
5244329 463931
5208502 489290
5199557 598157
5193081 634836
5192221 567372
5204762 447679
5271851 684875
5317780 563474
5179005 467191
5210320 508974
5274860 687424
5294649 542306
5221610 600660
5182764 582326
5191985 448915
5198188 411932
5340107 660937
5285501 652102
5192600 423576
5207936 434342
5217113 499062
5235790 483394
5164179 461025
5249662 493565
