75
1000 1000
77.0863839343 31.672604054
0.47801349147 59.6187149713
62.4442674659 52.6032783299
48.795096447 28.4295639063
9.58877881752 34.9638442572
93.877524287 46.039693355
69.1299363094 93.7081446194
41.1808257031 24.0562380702
68.6176970826 50.8889744515
59.5229490271 34.341480282
98.8579691657 28.582961623
31.4428610643 42.4330497275
23.1803393599 40.370077637
92.2611750295 40.5417717698
51.97588106 47.0941143884
13.7060959124 22.9464900436
87.8468452206 30.8224392491
5.98697442168 64.63588451
33.8755709615 75.8021114573
68.1954599473 53.4095318486
16.0011470136 42.7449691913
2.44280730177 32.4075498671
58.2099646059 81.5583007202
46.0427041382 47.2198680864
95.475771961 45.9217534738
21.3819062767 52.5056335035
55.2028030749 94.8064925795
21.5339118108 25.8393548709
45.1725165685 67.7005804135
58.7443426535 7.3391215285
84.3835103269 7.62892068488
75.7770408183 25.725970802
26.0052683867 93.3263464845
92.797728318 5.25715769004
45.244478645 68.8681281452
94.7345623728 20.7993432105
7.05080863714 12.8197104002
21.4414189112 60.2696714571
87.8013426125 21.1034574073
49.8859905899 70.2183501522
23.9229155812 96.2228178698
13.1153688925 57.1929749044
8.46510713849 45.7758330973
97.8224931865 16.207384255
32.4588499927 32.908952957
13.0989056352 8.94740009652
41.2319463901 53.2871088829
31.4695745339 2.48185601209
89.4542848285 45.8540432969
18.7484543143 86.8234854862
44.212365198 68.9522312346
33.8523147267 29.0634154136
25.3866329925 4.88435084249
97.2481225567 47.4903903055
74.93328838 15.5124320523
35.5904751263 27.9401223605
45.1876305491 39.3710727418
24.6570118496 27.0623701401
74.8703459088 27.6827304729
30.1397035467 79.2993259213
56.8230648776 64.9448606053
56.3773894265 87.9772410023
13.9648525452 40.7897851415
90.3951770973 70.6822228802
33.7901269979 5.07424446588
22.8206373754 68.1100416702
84.456571516 64.2973338569
58.6571518991 99.8938482712
1.50304756595 49.1424530495
48.9605877222 35.1660829346
71.9616164163 67.4102880353
97.3814257991 99.1037182602
96.3942026436 70.0236354687
18.8923220997 87.7128848694
56.9009912968 28.524239743
