300
1000 1000
96.0092965544 38.7949356769
60.4431084134 33.9520555903
84.1605736281 11.0777923568
10.7949877328 51.2322164588
14.7023627945 67.0943303379
12.2052482662 15.8744570286
37.0207038558 32.3637117149
26.1927778972 21.1286267658
54.7213128552 37.2104824626
64.3007277906 75.1601356986
12.2687838123 58.687551487
24.1983587924 97.3831211465
56.5725121427 12.7498370362
20.4763855652 2.33581867151
73.3244752672 52.8596437613
4.65880913716 88.2875270038
90.431639665 89.8168216293
94.6822287436 86.5713700143
89.9244187074 43.6565809624
30.0925865222 77.9549884558
23.0008757962 51.9558400565
67.1894487498 82.7197882055
52.4941151435 70.9202126714
3.10568927993 18.796257039
5.51636525488 29.7131988369
76.0537311006 8.62692002449
41.2844425899 38.5733825219
16.7825691324 64.1381505101
10.0615483449 2.90770321285
10.4009215826 49.7313163213
1.87817913564 28.0674644912
22.3759618403 22.4719785883
46.6490472664 41.7814620403
31.1800128027 76.6594495748
50.9996199817 60.3456165588
4.90605058518 31.7662747365
16.408778365 75.5426143493
16.6696768909 95.0974605035
30.55911589 43.8908634642
42.7114157805 29.2484615831
80.138305007 64.1114637811
89.4736613022 26.6638104849
63.3621756807 69.9175176813
95.1708072829 9.56829103943
15.8774546101 19.7746101982
60.8614383807 5.20446400497
1.95696421356 66.8248600689
97.841336228 8.76424613269
44.8777595512 20.9341119046
92.7606897074 93.0486898694
68.6241187924 96.1881130119
67.2140967122 23.8087038471
49.4177495742 77.7888712223
66.3514257245 88.2192316733
5.27040127622 96.1337583973
26.4703959498 85.3741565517
7.00385850861 68.8072478033
30.2236253474 50.6315035799
68.7956548647 25.3932170012
86.4368156068 98.7774200832
9.84938275046 48.7582598241
98.3086159025 89.5991998961
96.4165043278 90.7766877911
22.6527461505 65.7531246187
72.6235755984 79.2716656944
11.4880049361 87.5689360896
31.5069599077 59.1158976559
36.0372607877 10.2600067835
87.5332204913 45.5893467328
17.9579774806 98.9956200066
56.3436940654 6.07945524209
7.91048062898 0.353390908682
81.6710147318 7.43533599291
76.0797488654 68.7943693418
66.3076313099 85.7225197499
30.2064937423 38.8740884131
30.9216424992 2.06303169561
75.2241635039 97.9118509108
73.7915811092 46.6264940769
66.356101423 2.16896318834
36.5249704629 31.3751665306
17.6192079519 92.9430450411
93.6794066526 33.6230854508
2.03657322205 28.9508320212
25.6070929263 54.8887801096
26.67589748 68.340456166
20.5102068754 73.4361825381
34.4337941484 10.4164649583
42.8131036542 97.2925104654
66.8586638596 31.6579810548
44.823341997 55.5632899625
75.5044369321 43.2289277588
32.6211295708 23.3980112045
13.4220895148 81.9775481174
79.851429914 82.3265301871
57.4002270415 3.36814304869
44.8911627722 79.7189408532
62.8288796883 9.87299492891
38.1074108881 99.6226784557
68.0866598267 21.7996172456
51.7586799026 69.7000532359
15.3639549256 94.5644506573
57.6734238921 73.7346198282
75.9402006157 65.4625400317
19.7549872386 35.560272729
56.2926020347 46.0558398543
43.0519555541 26.269237802
24.6518940397 17.0600542359
85.7745590886 49.2030995519
88.2941716032 75.9062853142
58.2839569832 60.1319676743
41.8587245324 67.0968856586
74.2191193888 19.2921860686
89.906835953 57.0100478943
88.9449923126 6.47923297131
36.8525576313 0.445326106773
1.92177224129 26.2367695078
88.0140430899 79.7628978842
79.2483887155 34.8074729157
88.4017820729 34.5310607193
63.4736843603 73.6076077359
28.331473471 92.252229063
48.5977187135 47.8474130932
25.8762913935 47.5059753226
70.0879851504 34.5274079289
24.9122288454 44.5804944235
10.052034832 15.1625316467
3.42235757931 62.5508258396
52.0941551279 85.8252554203
48.6838369321 84.8855000939
31.1139729723 62.0292929287
88.8020537887 29.94310508
27.8109669407 51.95459726
41.7477349596 96.8026218762
47.9266853175 30.6828662241
12.4198490495 41.7403851058
19.6235707406 67.8595916135
53.0940229335 89.5186795938
9.1753145666 10.8464228839
34.2974596732 47.1765130327
8.29527320923 31.7125577657
65.3325025206 24.1743590725
74.3355365121 78.642031732
88.0997855712 28.2561848556
73.4542738935 93.9797069598
41.5966093599 62.0653934075
2.44624335896 45.1823288131
86.8083123277 46.4166571444
5.28323184828 39.9770200109
70.2371004146 16.9155846291
94.3500670796 92.0143408061
19.4345806452 2.59821802975
28.3582814699 67.2031700237
95.5486723398 14.0972782664
4.1561583954 15.2973747198
33.5747890869 36.6707081369
69.1735925114 96.6711828011
15.2780984354 15.8800455998
74.8907115044 32.513455155
20.6143383961 38.8255757891
59.4767566945 74.6228963455
96.682696857 82.8723187113
4.38112059601 98.6593438417
37.5477722435 56.8652130741
39.4042140925 75.1769344481
49.8674048661 85.3935520581
15.684735787 84.0608167521
93.6071706157 5.4879412091
83.4272520526 55.2568766067
82.748691899 44.109290671
30.207036537 41.8470108394
88.8383936893 4.25439289708
34.316831014 29.9206864781
41.9987340247 93.3953242288
71.1091485584 54.3573018925
78.8604209862 2.49561427587
58.5458985572 9.16748898328
62.5069727627 26.3473453217
4.48964399447 52.9285909547
33.0071135652 60.3101043591
5.59540066769 98.4015778482
40.7692967287 79.728491016
17.1750014655 30.8185871406
34.4254483599 15.2834102888
99.0891560756 26.9971433427
54.6184050818 29.2636818534
1.57999070386 9.80208557604
79.2450340741 82.5903693059
61.4264008568 77.3073393979
38.2200080193 30.0323536842
95.3418675905 12.5018756627
13.9342015575 75.9315329961
94.0984046738 77.4970344867
16.5718142719 52.0944522633
58.3133501843 77.9370173903
97.6914531522 66.592508843
65.2040583144 46.2606161533
69.524898573 76.071411596
40.1925312344 46.7513294142
37.1995579674 43.3234740296
15.2187040145 5.84370336289
58.7053685544 16.9197846163
3.66599843923 46.2553410438
79.4518683287 71.7640678886
72.7747993328 31.2418598146
98.8158076994 34.1835074059
61.9497632015 98.7000328761
97.2925671334 79.7141674559
71.6197423771 7.23147406809
53.6714680294 61.1902100211
98.8496168537 19.1505785005
85.6509068435 88.2396601512
60.2781954043 96.1609531908
94.520812136 70.6533728867
57.9697945582 81.2434827744
48.9909914458 28.9445903746
10.9266688688 71.8287526397
91.5441372456 28.8194142403
2.71857845936 82.6826700997
12.6505854733 79.4021480391
73.1536462619 74.0318017735
19.5602651476 24.2945755622
23.8476972894 7.73965329585
59.9766192457 53.3768565103
4.81630242156 23.4913483668
6.44505783378 43.2830837695
27.603408645 0.661938234044
89.8963659077 55.2456710282
89.3210176421 32.069247588
4.2433365355 82.3378574014
89.3042199583 87.6732095656
53.3020120838 63.753005792
35.5792037563 89.3252336836
51.8490181446 11.4328016499
14.7320039006 36.1710376683
4.10896281107 68.1454443867
7.68886064067 98.4223803521
62.3148660164 77.8772545824
65.0486644911 11.8707515468
58.19277874 14.520743076
8.14906790621 70.5430570267
49.1319753247 46.3456699538
28.1047748535 44.0101338074
76.4524213031 14.9324110456
10.2696576961 54.8067438893
79.3933637893 96.4547383107
99.7240303343 62.9369814357
62.704587136 3.06426828356
92.7756692881 90.5612803517
89.3903431408 66.4550421466
87.5751753113 93.650715622
58.4173468841 92.5322543675
92.9706745073 89.6541513127
91.7644549372 1.79988172548
70.6005981055 98.0397745606
92.411317957 61.8135714807
36.1527589974 66.8215077202
70.7101262929 83.5402097531
31.0724286669 64.3168676468
55.8229668855 81.7678544062
66.4125879623 36.7447171074
32.9888384488 2.02318873959
54.5790293333 42.1651725647
92.7846396882 60.5702510612
72.3848362928 3.89856940489
18.7623968068 8.36759109831
37.9619141917 45.7997690689
64.5551637097 60.3917903785
61.0714189793 20.5233220023
2.53500196264 13.3880556581
80.4490082603 58.9259513052
15.7090198243 16.503579782
70.7885780226 77.0854179686
4.43930154249 20.271782468
29.5839811425 41.5156132599
48.1777627515 25.1419446276
0.480317237698 71.3619095236
43.8581232278 62.9445327371
1.32923288057 65.1071913991
25.9125384295 59.0226894422
89.4905236298 20.9331036962
13.227760623 57.8073522736
90.1202674295 63.3761733592
54.8617242558 15.9650502151
74.8692005036 95.6126853146
11.5548071312 85.9640103176
4.7077205009 53.6849587734
33.4476757505 10.8597847426
70.9895834262 78.1225949071
1.23442493984 11.003893668
40.1125463056 61.8231805267
98.5010697386 82.8136236193
17.9683225517 53.5967676949
38.6871634372 11.4027286051
70.9057123027 48.0614008038
4.14632123051 87.1893617065
46.5033056424 48.5413052639
90.3640419327 96.5683931473
69.6035110276 48.9975697533
96.1876798514 50.3833564595
