325
1000 1000
19.3995895924 45.8008449208
2.5026991122 8.42729872685
97.0636069212 22.7733433192
56.4855897904 2.47537030185
58.7158908624 95.2771711051
12.8203663277 66.1075336887
40.0905143704 16.2863368802
76.2838990507 34.6180519066
97.0322293924 88.2243239155
73.5580410926 74.4878550005
87.48043539 85.8474934993
57.3606316188 87.0702097825
75.2238774982 40.8479059821
58.4937126171 65.7510604438
86.3406723258 53.73632945
62.9983491692 90.0837646379
14.0131381852 9.09097629816
6.81749657281 94.2023004076
19.8150750822 95.2281968442
62.8233765527 28.3803166808
84.1558749388 86.6282620511
50.4332624183 27.5600264109
5.02837535311 82.8256384088
71.8446747635 7.23938379231
63.348341009 7.82388343169
39.71593658 7.51063920859
47.866375047 42.6338611606
65.7844618949 28.1364062055
32.0511537758 89.2152643226
59.1247225869 9.6762591042
84.2319950987 66.8157673582
73.1635397125 55.1223050211
69.6524282083 5.45038647488
19.8343629401 1.11809768058
87.9509162587 78.7710205729
94.5218934337 23.2040067957
57.2296269998 80.5137437087
76.850773889 44.9630345285
71.1027831942 92.5311148214
60.1697703435 49.5630953736
70.9879575651 70.8481378121
74.0011433246 9.62215778881
91.578551787 16.6728368094
57.5826483356 25.3216760757
14.988476124 99.2772841383
66.869372188 32.5517333641
41.8481892008 95.5529960952
62.6487548248 5.00915914333
58.1864797552 67.6055438784
4.54301181906 47.435641898
40.5507040092 41.2141182606
82.5115226663 34.9128399322
39.9990242311 49.0788953715
55.3392784018 82.1293672843
47.305321703 23.5874018095
99.5558989508 21.03748338
62.8061329165 76.4731199866
85.2206656755 26.5887270189
65.9095375035 34.6997576443
89.6830139938 24.9858286118
52.293817776 65.4738935591
47.4421767462 28.0113973058
97.7365146672 87.1252395685
65.2928131249 63.1146705152
63.817263671 77.8301949477
21.8569977053 79.8638889084
22.2647775424 95.9755212094
62.3332779323 68.0449860452
38.0519991656 46.2219918852
86.7987741048 76.6780879752
45.7288289318 36.7282920286
89.7636652239 34.0380101799
82.5167737617 89.6800133332
74.933076525 9.34910045782
30.8980622299 6.95098801365
60.0846222057 39.5083140214
13.8304810019 95.2303742496
24.7414999215 31.4629615885
1.86424088092 79.3804800855
63.6103299953 54.2323569283
78.7898247057 78.3845473461
86.4874330205 90.6204748038
40.360999292 51.1434179565
45.5198410141 7.06493921249
5.30881677635 45.4302333257
18.3241455863 85.2268595268
97.4713300479 14.5956738213
68.863539644 58.3544293109
53.4326132646 29.6800746385
64.6607355276 93.4683996424
46.3886159197 43.7343113425
21.5555902829 22.4643272918
34.5913851805 13.1557142662
80.7146680254 98.6647053511
7.76738745725 48.7747231865
20.4238584363 37.0607131176
46.7978773471 55.0844743559
37.840220929 97.2176898269
19.8949408411 40.6687461591
87.0905608598 1.88406149831
82.0309240893 37.8721560698
79.5334361768 28.8961976912
6.18102095769 95.4747879684
18.2744310997 91.4714629087
80.0945452999 36.7363076879
34.9739033372 47.0309993798
56.7961825075 30.8182550701
40.7562917521 67.3875452803
75.6151451487 13.8369587264
47.7200659308 21.1230067026
57.6247975308 33.1430685081
83.2308941458 16.5633494513
34.5809454126 43.3493923588
71.4717463287 59.833894508
22.4597607843 79.3789340167
85.2415682277 74.3517793425
42.1473034816 59.4109267576
11.060563254 75.7109033112
89.8027083721 91.5798123193
9.02290156217 45.3951066637
59.8181623941 73.0072487056
93.5655939327 11.4269890609
78.4275434958 52.3217614458
2.51293920599 12.6780153403
8.94656486415 81.2730243448
46.9025564274 80.5273124972
6.86958005522 60.3081457971
13.552276564 99.2703298983
59.5201688392 87.9427589517
32.0805092968 38.8824331429
18.7621149356 66.4184777219
81.4013253469 60.7944729123
65.6991023421 87.1522913666
49.4410681291 95.3452329184
97.4243472367 48.4154666114
4.26710250799 19.2434196702
25.483704345 22.4672403847
2.7905916106 39.0950697145
58.1394439886 25.8413962205
89.0084907707 11.8418783726
49.0368691885 97.4916974495
83.9413246556 14.1773209745
44.8010908095 56.1609949694
60.2377307669 24.4486150826
29.1721096216 31.3334477686
37.2440910941 32.5651138226
15.3655860302 57.7731895556
86.0070065619 74.1776272871
22.4155056764 42.6253241944
48.1593245274 8.14762607372
77.2495287767 39.7669245535
83.9341759592 33.0522802227
55.8325181168 95.9753848331
11.2031076046 36.367323019
90.9670803646 12.2306859654
42.3806209037 86.7135263116
8.32393517999 95.6717348618
23.5080313661 9.80082176308
90.4765100958 33.1971166599
59.1319214325 92.5377791308
50.8605602349 16.4213178867
77.1953405455 25.2937192791
30.2531363611 16.239839246
37.8238801923 14.4611162348
26.0080266265 47.8939131495
6.34766693708 64.6528703796
7.97222278278 42.6044571089
97.2853676446 83.9457947795
42.6762863673 70.6694312355
23.3656810216 17.7070041555
23.9988907569 32.2151293154
19.7689335252 33.0994973174
50.0876803723 40.8498996073
29.9687833878 48.9099611778
99.0868731196 53.6689180699
7.79156870552 25.5318432186
72.6866511302 77.0394596565
4.75667621713 62.5135377716
68.6638309161 72.1954377087
9.48691807717 57.1893585355
24.2748420119 10.967600881
27.5485370073 86.6804905426
77.1152784798 21.2625169801
13.1494923845 5.36970921026
84.5686489786 66.9228156102
66.0998327766 98.6936078375
5.26689845663 78.8930696787
47.791802648 37.0669774192
43.3596872659 40.886673871
68.9315238991 51.6161031344
73.8476861452 63.3165761696
71.5796945676 42.0925297906
41.8667410683 3.48145898478
5.28760510156 97.6909775581
8.28589016859 26.9387205141
34.0635403274 76.607004401
98.2988716501 30.3323200024
81.7153408531 91.2848458665
54.3672689591 84.5821315422
81.8649961425 23.0172629368
1.6404206748 45.7208697369
75.3231321509 99.1059911404
64.820488782 62.09270614
60.9831080946 17.298219719
48.0047347703 12.1826442466
85.4531721559 10.1955837251
16.2051736374 80.350704003
21.6034836021 66.527433132
72.6153689206 43.5489746398
61.9745139619 75.2489700301
73.0260568918 7.25771013127
36.4706914563 33.1239544048
98.0833279224 6.65141646457
52.4965733076 27.336353553
48.6333890733 51.3380792817
1.60293124359 12.0992935654
76.124766451 26.7236013865
0.497427301556 4.58163886881
6.67652223439 45.0850718155
59.0895325153 50.2172392898
55.487043874 46.5379543215
72.2746005456 28.6873131831
83.89300809 2.33219187383
14.6533711437 81.5431561088
96.9634777697 50.9170274469
29.3186932377 24.1294697245
52.2070705769 12.5343158817
46.7645604063 94.9489373151
19.4207383427 32.4087221618
34.3748159043 87.5405936109
75.3106109851 51.9752923629
7.76447319145 96.8116921393
2.69132201613 94.3120914108
55.7520016565 71.1117012413
87.313021093 60.7660539739
96.3316238989 6.56674553463
59.1489191277 49.5402151117
93.3027582737 5.726303333
85.6441786805 57.1095028813
29.4521587472 72.9881044887
97.8165963854 95.6859950742
15.3765237015 48.269844952
12.9105463432 50.4949930777
63.3992942557 13.8231003497
49.3646081359 1.53841335424
20.092725969 48.0401201861
4.28490035983 52.0944536249
3.56120900538 80.4642041254
41.9858067058 81.6627765126
74.3158028044 40.7952019874
14.3974019996 56.4102245322
38.4577915365 26.0277025482
6.06365237412 51.3848002603
60.9287465649 27.1543001754
30.7945363342 80.5571344084
8.01585988099 98.7904938566
23.6014704523 0.49984081199
88.6705276776 4.18001980252
87.3530719489 45.2903871237
27.9736927618 22.0339549196
25.564552449 32.4820036553
28.9621522232 6.31101886345
0.317938430958 95.0782970897
82.0490943551 73.5478133721
89.1842507178 51.0940716154
20.6095298587 15.0328781661
44.4546760473 64.5445919613
45.3460955864 57.1766467075
85.3330820589 24.9663148613
36.6566461424 24.8838440592
92.9862594245 18.6212788047
7.40751964715 82.9955816035
87.907378312 6.9116697511
75.1211378114 33.2880989027
58.4243490229 41.3083969398
43.5149119996 19.7966914386
24.3057509279 8.15724879749
82.4325295146 31.1304884902
92.0511306034 94.3505462557
93.7306765074 61.7345967759
3.65012562586 51.8367159384
94.8271878914 4.77896778195
62.3466275627 48.7193387513
86.8790093743 91.9081631976
59.5448068115 90.9745650971
12.529470875 95.1576817773
53.079342657 33.1323662889
42.6258342694 71.9792975281
80.9125694293 10.1323126773
91.7443506691 29.9031121621
33.5339063282 42.5438734537
35.1645594867 79.9514171558
97.4808418261 89.4521897972
68.970045051 28.8306433409
21.9499241793 54.6132339403
67.0346423835 65.7383204455
39.6561293673 92.6823377494
71.9537854942 21.6756048763
87.7058127872 53.8641246528
30.9757055598 64.8503114638
87.8824939779 76.9855114424
62.815995783 51.331885828
8.66509310522 80.420950879
99.7479434667 94.7592271685
31.2258089686 79.4203731543
4.6063179025 95.2807213706
50.4517965288 0.67848850002
9.41711709147 26.6972311449
86.2549138853 80.8811075315
54.2058058241 58.1212918899
55.308771296 97.8220520579
62.9927637794 3.26229540813
19.0576242784 58.147537655
80.1369720096 90.8971442961
47.2297749879 76.2181710655
66.6874394744 16.4755409795
17.1426645017 28.8112575873
65.4945269241 12.3501903294
27.0978838646 52.386183827
8.21397708795 53.2860876766
81.7181769105 24.4299652204
6.09721272501 31.2806156408
59.4549891207 4.7422238826
72.0004737293 7.19089379722
6.8568995602 55.106888376
