225
1000 1000
17.4941080068 23.5267464622
61.6094833002 36.8308238545
98.0686303265 72.7052581479
43.5981946446 99.4639232043
37.3465706815 80.9682878407
70.1703144268 10.6348823168
13.4713848797 15.2675685028
82.0520580945 23.8815293008
68.0851479791 99.4418983648
95.146260195 21.8036486293
53.7508040112 78.5158434192
78.612421327 56.3709543254
3.89551906317 8.80603979269
44.1366115131 25.7565211264
53.1039653752 25.4655434243
15.8413008896 89.6363790607
0.698599147869 78.8064430329
95.762487436 53.7293772368
23.9306213244 95.584877596
73.3239866764 45.4767298298
98.4263945216 86.20555365
12.2955545177 47.0778833213
79.342483284 50.9785226025
52.7996207537 52.4540551495
86.4044052341 86.9905132591
35.9813110374 42.5758924576
36.3934077616 74.2625498742
71.3857311588 45.346637974
40.0895714948 75.7061518474
76.2050493175 49.6020549819
87.3698544399 37.9958655865
9.57472806314 17.7316783187
4.85738423288 21.7190969012
79.3722088881 6.99320987072
25.399108631 61.8372063343
18.0001345195 0.733714981164
91.4658739126 90.292128149
4.76775917256 60.5714513367
82.1921491103 73.1761537971
9.90932800002 5.83932853878
29.8259307643 80.8528222803
11.9421176639 62.0458317874
46.2348392576 95.5960052113
18.2375129314 48.7084188693
46.4657321902 41.525221298
34.77027424 96.4663082254
3.55541985293 13.163075464
5.6547670485 51.2423589539
86.2388356474 48.5652273993
85.634868261 56.1973696934
92.3380338859 46.5505042935
52.5280349015 7.24215257501
87.450731709 21.013429796
86.1274859585 86.4057601146
57.0378775224 27.7983674009
52.0286722 87.3188194685
97.6752725971 71.6570590136
57.9163281062 92.5055835136
68.6376673179 57.1587679709
31.3797183816 97.7178535293
57.9826729542 96.1389783444
81.6494397096 27.8256658618
3.17294005264 20.219987192
86.1459721531 36.5948918475
96.8643354157 20.5838765391
50.7056114543 83.7262347859
58.9907187642 30.5352481497
23.8535326847 99.8835266613
42.399532258 30.4110024889
22.7879407727 85.7177360903
10.095093405 19.5216528866
10.386417888 22.5007202329
75.1725932959 32.3049850705
31.9126719397 58.989993497
57.5651450926 41.5430580927
80.9494287341 14.4462432811
23.5311597028 48.6678768657
47.1977019057 77.1991844775
76.9156205398 0.939551098021
58.0549338478 2.62514057443
5.85490448045 54.986390616
31.825983513 19.2071106284
92.6665496025 13.5630798163
44.2723567005 41.3609542563
23.413442646 50.3927322648
27.9560543798 68.036155583
81.4323695244 54.5957929468
28.0065206632 90.5783602379
89.0903698982 64.0256912846
64.5571216645 73.5354908361
0.141817741209 27.1486311378
53.2723348457 64.0515639588
15.9075013855 20.8276650637
90.1593770579 66.0631118571
22.644505347 50.5884876679
65.6523653249 59.0195765004
50.5981630064 5.8436038075
83.7825802329 50.4264996428
10.2601735797 0.791758823601
22.6181896264 24.7363444752
93.2405557486 85.0745687736
58.0487961623 47.1173718468
28.0734945244 20.3569526932
83.615589289 61.9879511794
24.4486115139 51.6796492179
44.6856945141 84.8035773452
70.8975156316 18.5984542715
21.5938349374 68.9615309368
51.381942906 49.2800001272
72.6073333161 42.7682821472
38.2965290519 43.4849689786
39.0945338248 17.5961060005
92.8120985258 82.2568604611
32.4669680549 56.5355430462
78.5200998065 82.4972371793
13.8307417049 56.3852590049
12.1211786268 6.46916325515
43.6283595287 87.2598929609
43.4127920979 45.4198606908
67.1579401487 62.1981402949
47.9123112224 76.7804061093
40.8711619146 39.5044536083
94.6994213891 89.0902242248
52.5839789277 69.5165209789
69.8289907923 30.6488065371
62.8768257398 34.3789973328
1.79547900749 40.8617608806
86.4449947963 63.176916842
31.2656330163 90.2950779862
0.0615089428647 1.01433734731
56.543047975 98.5581368546
21.3629453912 54.7022186194
68.7769747625 94.4619899199
96.5167887626 56.5741748433
9.66382802564 32.4778369823
5.07229190551 19.2808432732
41.3585587329 59.2628636412
12.0624198441 29.7615040626
10.3394562877 67.8318449653
79.9524320454 40.4473860849
20.9223751194 73.4840937155
66.1203393202 38.719276641
97.4398208423 53.2403689854
24.8725991728 27.7014444918
52.124155941 46.9438325848
4.68742583319 48.1328073956
62.7691593508 66.3924472973
27.8077935491 96.3077806849
45.4799949843 76.3003326975
71.9830041042 76.3697729733
47.1347881715 62.8780794251
60.4343763408 1.38837244842
3.37239109812 33.7496650419
87.5892658632 4.45047190968
90.4532263822 86.154443715
58.5627762548 83.7283294931
94.0527431764 18.6823749178
88.1500917928 48.5284923876
52.2744022307 35.7294402014
78.0319993153 12.7943599753
16.0885688487 90.6309021856
73.1967184562 86.7249345786
4.72732782712 9.62062360842
48.8997638134 70.9264992388
92.8677584842 28.7917017094
92.943637922 31.8567447367
41.1455792043 68.7939356474
52.5631041902 17.0745711232
37.3213966615 65.0207782361
60.994803272 22.6351712626
12.1243559805 72.7518619196
15.1971124576 9.15089546809
14.4749306824 98.0458796482
56.8101781323 8.15391819723
54.3585774374 30.2520162844
42.9967519502 74.8781956823
42.4507220567 25.4684121095
94.494650418 85.5349937348
16.4809178158 47.3268463259
44.6288400344 92.1039854273
80.1069269448 57.9284643685
87.22477638 81.4267287741
35.040215956 50.3925623393
86.168135913 77.4296532493
93.3438294946 84.9288490505
82.8733617807 19.074525524
50.3932699724 47.5180466603
24.8095006542 45.6516472053
55.2784915959 70.7090127922
25.2235812044 87.3652853455
72.2605248601 82.7680065738
2.42656600176 78.3300446218
64.3525646595 29.4336543275
22.1028133558 78.4816636448
22.2788193868 3.07689377911
0.237394298707 98.8418430469
19.6300022582 52.1738864186
14.9070380904 70.2717082232
22.1791143826 52.1056214056
94.2708861115 49.6229996849
36.0238248003 27.8553714143
51.2771632408 4.03190706196
49.9814643901 80.6106094783
68.5102123216 13.4071987257
23.1448950721 38.6082955594
55.3302779086 8.44558763453
41.9232526985 72.1533043346
81.1365175781 83.8913830711
90.3142108495 40.079641844
27.7422445864 47.9662672818
93.7240244455 50.7113299073
54.6756806205 5.08089215082
43.2330613351 76.02997584
78.5232746632 89.5482101054
84.36959925 40.6854354744
47.4038653166 89.7533664618
24.8884850491 15.7912707385
77.410565028 67.2801099832
27.0296312837 17.9006008855
8.63961171944 62.9115930013
34.8443077549 15.3819396041
21.9401027602 79.1500228889
16.2560542579 78.0560646375
63.818218319 82.8672811991
46.5612994912 48.3907482151
