100
1000 1000
38.7988757339 47.3344527058
20.2813855692 87.2651119174
82.1866928776 28.0012532924
90.5857367804 67.9833602956
45.0737058464 65.9781361476
99.7348506838 18.4730412889
10.2793243494 66.5582016488
17.2729615846 2.28427402156
79.9271352435 70.6626710696
66.3839482245 72.8513394985
99.0931427078 4.46699741311
43.4443749752 4.61921960642
90.5397442466 36.3840852197
88.1615388356 20.9559097611
6.88250645393 52.8092644109
43.7834697922 15.6166784088
24.4780307929 91.2626338618
10.4699126603 72.0508202651
52.5314127747 59.9942234855
66.0305601093 57.9670947872
95.3682183248 50.8015051354
85.8061899518 14.842029336
60.4618270197 18.133022877
60.5912510909 35.6234252677
57.8942212416 12.8480027251
42.9430578405 38.9824087443
71.8697731082 9.11459948474
4.491706735 51.6055459154
64.3167589393 83.9903995801
76.9868107111 71.1920319201
16.9367335256 79.4426028231
97.5148447989 72.2338729434
9.52088545221 46.0593917013
31.7382299478 40.1507371915
10.299794844 44.6484344751
56.8960123633 2.36747118281
35.6138902842 8.74518120214
42.9570586173 4.12467336229
14.1332658152 30.405556499
75.7765319771 33.0449551008
74.3994864632 11.9865237145
49.1224301395 59.089116773
54.9612950373 50.8034466045
79.4506933473 72.3511930608
18.987721671 6.04353455181
50.139235476 93.4304851259
77.0195419114 19.9165850026
58.3901135727 51.9397862375
26.0817398505 68.9969461766
96.3009049611 31.1106540592
63.2670422385 36.6722984545
76.9550076316 38.4910462251
5.60344535843 90.4871314557
61.4314942442 53.4743154627
18.4642844661 76.3742961472
15.6226970036 92.0479293721
73.5130695795 56.4976206091
34.7092386134 16.8234125393
43.871806117 38.7282977205
18.9391571034 16.0701769129
90.1119394143 47.5662841654
98.1156126286 41.4200428709
68.2962149439 38.1587520665
87.2796912314 41.3944554991
77.434719131 48.4134044281
64.3542714942 45.2408268111
33.4776111667 72.5943566247
52.4705355299 22.8231014702
53.5917207391 45.651902181
81.8873352332 71.0223293366
61.3387779899 60.7601362106
39.488318235 46.5638523739
7.0464529655 33.7734230453
31.5805862926 95.7594697502
1.46883503504 82.5515254475
87.5376731248 6.90288074245
92.3598095261 22.9718998756
41.2685714798 64.3697708888
42.983719589 98.9682610924
95.7814484737 63.2796003954
43.2015951235 68.6977074272
49.3726007496 11.5876029415
17.9567603598 13.9284311992
55.1746971013 53.9113038214
65.9772198925 11.9968016349
78.7479000387 62.4267677499
22.0367610264 11.8411487707
86.9505585187 59.2147752086
77.71542374 55.7457653426
88.0415777051 3.06993962867
42.6436202777 84.4977633225
34.0743602136 25.6599720255
57.4460542222 19.7949710242
92.0104591751 55.737028102
31.0047144438 82.6342885833
53.1831835147 18.3676070456
51.2626596544 1.93172566857
26.9591970806 30.5644480457
33.5703068634 65.5403480251
66.9924125302 41.8969127943
