275
1000 1000
31.182116936 28.6897298049
79.6118909386 94.1638131953
74.4544933779 42.3548763625
58.6151901646 50.7162734479
39.6318983667 45.5349686654
63.5246665556 96.2384842047
79.460819772 66.377773296
55.919665773 35.8885267792
18.0960251421 17.6654854105
63.4367376127 95.7493375423
92.3467454693 74.4273244003
53.0442541185 40.3282346952
99.6789597359 82.1496503336
14.1031861277 60.6537768147
30.446654437 17.7533821025
88.3820335807 48.6576597504
62.7500256743 10.5636039283
55.0738487297 34.2319513295
79.3086023205 24.0034546457
60.4486973086 90.1845762307
81.6797029554 38.3762799877
56.2721853478 15.3702061232
2.89383583848 75.0848728284
25.3398130015 98.7080424204
13.0480633636 14.6971933731
98.7885035694 60.5617613009
48.1138549694 66.2730484333
77.8085523986 73.5917853168
5.86649244003 4.55603388354
39.3795523111 14.0272160342
41.7818751065 98.3505763258
78.9597872748 79.9044293049
2.22500113019 7.26183401928
80.8521284733 45.7003549661
99.9176549574 71.6146442593
33.8161419752 67.9783597852
47.072122673 68.45277625
69.9858561752 53.8083466996
66.7948687804 73.3652053067
55.5006557266 65.9858758641
24.8879552879 65.2472040327
80.8551917209 66.8970000434
43.5770782721 73.7906243154
56.5384573917 71.403234003
76.4819753107 84.0543140378
78.2544967816 33.6073877115
69.7346110268 24.4716089966
53.9903368098 42.1828407919
74.8227101721 46.1879501133
77.880209938 8.71285590524
58.5484653639 83.0410384
46.4616634275 30.3565579571
72.0240548374 34.2075568731
4.21401046725 70.069829979
31.9917606746 25.6083571613
50.9734603179 10.1110137018
99.6913879798 53.0659362805
25.1784767346 60.4391928112
66.5403903256 67.6906512188
15.3886444841 71.151299954
61.3537630132 71.4150357738
11.6128581555 41.0747979285
88.4603606325 22.2913070875
69.2427981993 47.2268546529
34.6887621234 94.5898210173
4.38558180419 20.3836598794
44.9808007053 46.5578090629
42.3530782084 32.8239994677
39.9922040918 36.6483387414
37.2448812353 7.68468878348
80.5674961709 85.5208707742
96.335138356 76.2398684024
40.4636492489 47.3711786092
63.8172763498 10.8692575616
85.0695358377 52.8433852066
41.4382456071 34.8472827001
50.9009871635 83.4419710854
18.7709492547 98.1545413042
5.49278973535 23.0706820816
35.2385954152 46.1240760161
23.6955474556 23.9006848217
77.9875616476 23.1915899682
45.9551712664 22.4724950469
83.6365765032 57.5564849236
90.9862327939 19.7934092237
36.6522059215 37.1263276475
19.1021705604 85.08908522
30.2429210885 89.3992057569
85.3235851254 8.46138753005
35.573203014 2.6323420881
74.369168669 48.6134415263
72.4713318796 13.4749336243
34.1307728598 21.7761041784
69.8841417311 51.1878897913
59.6507810242 2.24614786988
10.617582175 10.2716685385
85.1923509538 81.3688157429
27.1343096023 96.1638504907
20.1586283514 72.1259183602
47.5785976464 56.5563566724
74.4980376495 36.1089989838
56.8263029016 20.5741290804
27.1205073174 10.2653021695
50.4108479172 37.7981855893
31.3462453893 78.3264242112
37.7265096914 86.7633330722
9.87599344495 58.9103006998
76.0142808607 8.89998456764
87.1907278107 54.7886483175
54.2357726134 51.4386749884
2.11110127524 19.8328238874
21.0674039513 53.139071656
78.988460735 52.0484563753
7.24701215938 94.5423151393
67.3087674673 90.7624347779
74.9170858594 40.2311870147
83.2998501567 99.5143830574
52.538790056 36.0282218513
37.9677823029 77.4225994166
46.4295564162 65.7082655621
37.0139871422 31.37788692
60.4405822537 89.5325315914
77.1833007723 3.41983459776
73.3810676794 87.6143923035
89.1143250933 19.6338340531
88.5631683044 89.5259987381
5.33036712305 43.0609245604
12.5417716938 0.19665711396
32.6260414203 47.8400598114
14.4950468037 53.0652071144
89.0551129457 63.1180655709
18.2540337268 20.6584663917
19.2745177457 55.6184797521
74.5390129605 77.1314052441
21.0929703701 30.5888893948
90.8498221691 47.4972299451
43.0418388975 91.0172732114
77.6743198712 45.6211464537
98.1004410173 35.0417072079
29.9965475945 90.1164934606
5.11751287366 95.6214213732
21.2589340259 60.9902479124
99.6557668069 78.4792107613
8.63292244061 32.1927623717
32.9654094541 93.8248006265
63.8127684524 3.83609925423
33.5855808613 43.6134456156
20.9159815405 2.74561051539
63.9096251079 6.24000054906
79.5036985571 59.3151732556
52.7310278453 90.1988884345
63.181127414 24.7666837685
22.8617286108 71.2799948388
11.9316161047 52.7792196654
77.5508368526 37.8294117126
88.3885656518 46.7072347694
94.4223675326 62.2473712039
98.0358392944 68.8587216938
50.483586372 20.0457397188
58.3045436202 33.4276634156
91.6182214925 83.9104192697
33.689440788 65.6886083678
31.2872007627 47.7875119377
11.9990306719 34.2732343439
81.0917936809 79.980565746
44.3785379455 18.611985771
5.72632342398 51.6247013794
33.1426025478 44.0256381815
96.9845485748 45.4757579048
95.9769404907 71.2580182165
2.71058112374 73.4771125076
21.9016957567 70.3462849207
30.6418608962 96.4810389718
73.9142064272 5.33930861722
58.4325249946 82.114438023
70.5462040917 93.9681104432
43.3734454536 11.4728578424
92.8469462173 16.0138045004
2.07541817033 25.8940805696
71.497281531 17.4130497444
52.9312550826 93.0647382189
55.538559187 20.1316634517
45.2294256771 11.5115005706
74.8679357216 19.8096602494
98.5075173882 77.2596980108
29.0902721028 91.0904014872
47.9441414155 45.6186647498
45.1613405468 90.3568971319
87.7115179588 99.735972161
5.05406791855 61.8318965532
2.57349338675 69.2611834206
9.13733840132 21.814594468
0.300617008124 69.092679059
51.0929795579 84.7628582442
77.7806309665 56.1724524902
87.1015565864 44.1645550201
29.4252724788 17.4788023062
35.2824258552 6.12301426967
58.6283293206 92.7987617305
68.2985285019 42.4974011456
60.2954182011 94.3119205711
12.7409978237 83.7814832054
11.3057790295 75.5072186916
73.2924723991 17.8201924805
57.5253791928 30.9953419634
11.9655071259 31.3699795588
77.760358674 99.5877218777
98.3672856295 90.1800138794
27.3769954553 48.5157221784
29.9493740211 52.4483181147
31.8317493838 62.2788992756
3.76556364238 55.7997689046
98.721873119 93.9432636206
32.1779172316 40.0764505425
90.9399503652 30.6893937471
67.5966179249 71.6610833985
17.9734268924 55.8096431178
25.1228462449 96.2563915451
93.9376711807 28.2489977796
57.665178732 44.0293168745
45.7694092573 65.8661638882
15.631722338 66.4076413261
2.17142580664 45.0127770308
95.8112587237 97.0403381529
88.1039033289 37.9206263176
31.4542850724 84.7506948344
60.6633025624 48.8954464236
25.9203990212 92.5309530507
66.4671821318 61.5704333475
30.2791757541 81.5656779676
76.4465577334 82.1104290566
3.42058412753 98.3644893106
25.3599736593 22.5830499716
98.5050126668 98.3364227553
78.6295530052 21.1858651029
81.7657939296 24.0619217484
28.6597504615 40.3404513148
92.978008881 8.66124060615
49.8422637473 53.8033796552
80.1005852461 88.8019902581
46.9080794362 95.4435302401
77.9967534123 13.9559629495
6.98991755062 13.1693682475
72.5463884322 36.976829836
25.1570725692 31.6353180263
31.0199061032 1.30242463348
47.7634664646 72.5315991513
99.4568524208 88.3887867349
17.0830036637 60.8075806268
49.0872181076 81.6693957703
19.2148059544 31.9288379225
42.9242605648 9.84525051837
45.5627144669 18.0585874934
56.2854293088 18.0735602846
57.9858313518 32.2959452479
39.6904783879 14.3110837076
33.8978502603 58.8509335929
63.8135318969 24.1055403214
93.6162564971 44.0917011875
22.4327284127 29.080496935
89.6793621879 43.2656442768
36.0964036128 73.3617531352
95.4965990984 93.6678909137
11.9641630508 22.7609070944
52.6022256905 43.3777779118
93.8368301475 47.5096793576
42.3718686121 39.6130455654
89.7043160965 56.5140575069
85.9438661766 52.5749602214
8.64686217716 73.9973908597
5.61428125766 88.4145796021
96.7162997605 6.52583503442
6.12985160738 21.4164487239
68.618819348 9.66377491749
47.364768223 93.6973974446
