175
1000 1000
71.2130105864 71.4033400878
60.1409763163 79.6563551814
49.3033248613 28.2133222858
79.2166419611 51.996139432
75.8163474844 62.456300185
13.3731822331 94.0482087701
34.5772428138 19.7282058528
48.4287298061 51.7895335979
32.8546536851 79.2230948673
98.9198213653 65.9828139318
21.0148700744 65.1829779129
51.3162681693 22.1944375464
3.86761899766 12.9055928517
34.0648303466 18.8386778162
91.9981291711 81.564787736
80.1751576677 84.5510209193
65.4557516813 84.1696949209
38.6998074245 44.3183168273
44.4875045528 70.7017616777
6.26398141268 35.2843060645
99.055976446 47.0401483039
57.1930592029 56.3342165064
99.1636623683 76.7973888136
63.7591492335 31.1309990883
5.48977726691 0.0654645173829
67.1320464147 33.8589016418
97.9662588251 56.4186875244
88.2546571704 60.7358273343
16.293217106 62.1845075063
13.3102174155 50.0964270559
86.3818318156 28.6569493732
5.66438595807 16.7895935007
18.2975936214 59.5993957715
74.7846049252 18.2096128123
39.2547122926 69.4296876442
36.0162612118 12.6388399417
95.1836558049 60.7155408933
69.9527253765 92.7288568684
41.4694780839 79.5433447563
35.9863440898 2.87007670624
85.3849053832 9.54135707796
33.0390959198 40.7760009955
51.9250736134 0.817072662607
59.6273574114 15.8855151082
4.45876019001 78.8403981175
73.7680691953 17.7381230019
44.0491623551 78.0538116438
40.454429473 28.8013587102
84.7844991865 7.15613742706
4.31383756839 65.1712980819
91.6264525042 24.6416870826
84.1361744765 2.86962398082
68.5808887445 19.0751742804
66.3949602899 33.5162973446
76.437023395 16.642272074
48.7947650935 61.17719941
91.8906685838 3.5677258476
49.0380775853 29.6339187789
98.7995935992 89.9635932856
22.5084032856 41.5896316448
38.8219030348 75.5522036275
59.9359430067 89.8714588306
49.4440441407 30.9135893928
80.4328044481 47.2977947842
54.2260783378 58.5954866842
2.67157054183 55.640081767
0.0772804459224 61.5336421604
75.0900075564 39.4064034403
41.5798392019 83.6079361839
22.6052829402 72.7429550983
98.772699565 48.2925297579
5.5091984961 26.3133310773
97.8975085773 95.5346078643
68.0144531117 78.3575288191
61.678133515 29.2245897911
47.0105053943 62.0862115299
13.9211708019 24.6507742162
16.4626110203 46.8093807019
90.5010089912 23.8936518869
65.8059349924 82.0195715528
27.5383485971 43.897224218
60.6808621865 99.9318847856
97.4450546453 29.6556670481
33.197280608 11.139046032
30.4401432405 17.4140482924
89.9761604659 66.3942417164
73.6261225635 35.5289313303
59.7862765822 69.5479805698
21.5449110607 1.44612287522
28.6744409434 7.38863645716
80.4544135201 17.1399420575
22.2215320585 34.0903916897
33.2517560945 14.9603276046
83.1868312709 85.8164745989
95.9211634982 9.43361381518
84.4458725732 0.340217980211
43.3602788033 21.5854592533
63.3921497841 36.2970686244
10.0045830772 49.7281276059
55.4639235489 84.3507364537
12.6118103133 26.4140836183
81.174788346 91.4973378681
14.4697175154 28.5728888012
72.1345652612 60.5713180107
37.4025670367 27.9298231995
63.9376110069 96.2970618038
18.7983963897 15.1761892125
19.1153745669 22.9799533396
75.0631282959 6.9328709716
79.3828287189 87.0043416027
72.580955022 75.6055958765
3.98017475008 8.66006819171
22.8109463055 29.6818162476
77.0557683718 97.8161223522
57.5488014776 60.9351598716
22.2990884146 56.4433544574
37.3147653758 40.3160961509
18.08138836 20.4882777498
35.3962634391 38.7433051603
12.6496034154 61.0126367283
6.96422453636 28.8644405686
26.9681606798 63.7377417025
40.5828525962 71.577041697
64.4031696251 97.7055083727
6.17432426443 32.3722317626
26.9487537045 9.38303644367
86.4556375999 26.6003192218
7.7889727928 37.1588171905
2.00069544948 46.3816738745
27.3407433136 44.4003270191
89.8558956787 72.1250620294
44.7451708414 27.0456472798
28.9103476466 64.544849719
60.1787218455 20.351868229
35.6790222927 95.515286157
22.5986458269 74.7756628205
59.7970623295 4.29769900932
62.1768288705 54.4826077047
81.5930359255 4.64787634263
4.33671155014 41.284526673
30.5699994798 67.7274282315
89.6537349592 47.6920858731
73.3939653919 14.4343181215
56.5814800015 49.8134769375
48.3175292724 4.12059740293
34.2301181978 72.8450757802
6.67550357998 45.9712901608
52.306901287 7.50792611613
49.4633722414 64.689334026
48.4688296037 13.4096438234
78.8289009 1.46238697233
23.2949873468 79.1441631525
25.7090034959 63.8682535227
74.7810273713 48.1964225877
69.6298936048 57.0501731378
82.5757183961 13.8779579779
28.6754359882 88.9152385896
67.5333848256 24.6896767623
35.6151645496 63.5597983705
40.7733986592 55.6528884526
16.0197291031 3.66819828303
70.1691296865 7.23993435732
93.2323346288 86.4960806414
18.0644835574 70.3303919669
0.237847806508 96.2949519255
33.2935779502 36.3279871435
0.922029328066 74.0195882091
25.7109018298 67.109223638
16.0583911307 24.7315191886
88.7089663193 26.4741211298
30.9453570967 20.4232910449
98.0560685082 46.7597244199
37.9914193982 12.9158758222
36.7065426464 56.1198703611
40.4680287307 57.181587946
