25
1000 1000
18.0663632061 71.3248258764
87.2912720787 39.0695965753
8.42345273512 13.1526698833
55.3906644791 55.3350631613
62.0156444298 57.6814044672
39.8967146628 29.8866585669
92.7807888708 54.5567876524
90.6064160903 29.8509441533
87.8777626788 36.9417809162
99.8568810296 36.5674643255
66.4901719091 7.76936259209
54.9314803332 63.235279227
45.0227381629 20.7458436301
17.3632865495 53.4220568999
11.4920682942 84.3269182767
76.2675748854 22.5308279499
0.609525283265 48.868267924
62.4623263929 17.3624100718
90.8117542451 86.1762624158
24.7525670094 8.22273162758
5.0732640672 30.7454577193
44.8596391093 53.1307872426
14.6036472629 8.23681644359
10.6961190568 50.3831395116
25.5368100627 81.7974300495
