150
1000 1000
90.0914248464 24.2341306189
97.4291231447 57.8965859352
92.726226898 70.947164637
56.8169602172 57.5166349367
99.6862228116 35.9338159918
81.6458415687 58.3993666607
72.7552317085 43.9012414807
9.76266648816 96.5469540968
90.2235183961 84.403567534
42.8180479552 64.8611702718
15.9633253037 68.3567211302
40.0240983588 99.9762388997
42.2575805372 95.2754599349
39.5877850724 13.279514568
44.9340714289 41.5887781273
87.1044465342 27.4451929023
61.6812863222 49.151804191
69.2982222828 43.7111754989
40.5845022422 2.6781623487
86.1038398698 50.6701210948
53.3128382145 7.1535033599
83.0212444008 62.729671135
74.764375683 77.4014757593
11.5304303254 38.0469385939
97.6901525468 8.03953846366
74.1449486362 75.0298181634
84.5589289121 81.6907271059
60.6663032076 24.3673265309
72.569532323 2.99209309846
72.1672568124 14.9351517794
22.8092275931 86.7503647061
64.564064891 33.8091322182
3.9463142473 7.76481741921
22.0817980051 3.79897755567
79.5043311541 18.6769169487
86.9520042606 38.9032763795
81.3654415919 11.1312389716
93.7401092811 79.9309703659
47.0350532138 52.0014756349
46.0476837572 29.5785124646
23.9360597365 97.7803701131
74.5397600139 10.6463403885
65.0282320825 37.3580925957
98.3201512766 69.0198667859
71.8706424172 96.3049321507
48.3806352326 9.0575660948
29.0865085776 92.1768066875
33.566950247 63.9675864343
58.1089097403 48.4102805234
48.8440549526 95.8117079488
67.1251050373 9.05509542917
2.70187192322 38.4511481102
80.4369881164 54.8121687401
20.4413385628 90.9481133832
32.2621286613 9.59517965681
76.4335792399 22.8886154706
93.9127408825 55.6195373552
98.7366908506 20.8896177665
52.8957622143 80.9296509442
93.9007120135 76.9278494707
93.8772783052 79.2366971393
3.90220139444 15.4925267206
21.0830425287 54.1164987006
88.616024893 20.2474863628
76.8740241702 42.3519223759
28.7628872467 10.9378438927
66.3136640343 84.9435272713
72.7558807864 92.7518996129
28.262771916 36.1357281612
74.1438792916 71.1831682373
18.7480463532 67.957997112
54.4356566705 21.0945428575
95.2141929316 47.4469954948
35.3100425034 91.2601349274
94.6184806002 45.3033572137
35.0996636385 17.441564126
53.0614724422 33.8810104681
31.3927647939 34.5541648078
29.0162720501 29.6911837813
16.9059995547 73.0729475384
77.6064856746 2.51556127128
32.9116472382 88.1559393742
52.350489755 51.5350927006
23.5195748501 45.5122933053
71.1593363868 72.7068550558
60.3347027379 91.1919892965
65.6783872465 97.5010129377
57.7159375611 42.4488741412
43.3919656697 34.4361415905
24.9434549867 60.2070186322
26.7216054995 25.6981467991
8.43399525896 7.46081975076
25.5990326487 95.3062620094
75.852094446 84.4039584961
64.8820283912 63.0695391411
90.0170152627 23.8130544528
32.6271474148 15.9534986495
97.3035983427 69.3972179201
76.3025179305 90.9535166066
66.6910368555 10.4610885093
35.621613107 44.4598900998
74.9664835359 91.2385737725
25.1637341628 1.32301767664
81.5105851646 86.6672021448
8.17216963938 3.86261234191
27.4159530564 89.2152948064
53.290330148 83.6474380394
62.2619299828 3.44831171179
28.5013968388 74.2744389833
7.30300269659 82.8066981595
98.0648494409 4.21096675108
2.69648273167 85.2367419114
36.2816374789 52.1457507393
79.7199068625 64.1236173607
20.7568599429 58.7140300255
92.2720701425 88.8817601824
71.3175144776 49.7898253529
55.5808724346 51.9323565801
2.60836134008 7.93273449822
58.2690564894 99.8655155411
28.6255134642 98.1964898628
63.6047590794 24.2247241005
61.9041312516 6.55734378834
1.83063207039 60.5049134454
75.1660122299 37.4905615855
26.6641246607 65.965508186
28.1584035844 62.3840266841
66.1375830839 0.542382254006
9.06828881665 77.8689007603
20.5795831883 96.8530751613
59.5255960207 2.74983722531
29.6898892409 16.1873620867
89.3434953159 63.9684728088
42.231877896 90.4754557271
28.3595863264 44.2513032198
27.0988804588 77.5817623428
24.750566154 21.8099466449
16.3586868269 21.1270137626
20.6121994089 98.1251554982
15.9105473178 25.6469013489
86.975178476 62.7673002491
39.6822111793 65.5723022427
67.8719591144 88.1725378889
92.8291363052 27.6479605177
44.0102522269 29.6587597896
17.5775166798 6.46297841933
34.9940758962 1.03285638682
14.6381109365 20.0466545332
79.1492166266 57.4951274498
76.3290746001 59.7665471781
