350
1000 1000
53.4561912121 84.4937533511
34.6360880288 37.832237148
75.2906707229 59.4776299855
66.1008101373 1.70692296331
70.7084159662 16.2989548996
17.7899867302 50.4217680211
25.9818002377 0.278345592653
89.1616548571 77.5255729009
26.1853416507 89.2715527263
38.1132833671 90.2706647211
87.2601742567 93.488877318
7.03398323558 51.3386434028
28.5908714177 45.4170258445
30.5269566361 38.7597567808
66.2018574896 26.1465143001
85.5683890164 62.8628822956
50.3200511078 95.066177107
76.7597584128 58.7841331697
78.3440735556 69.7847327932
54.2299900841 4.20115947914
21.0056355012 9.17442631083
94.9205776342 25.9319628374
76.7843129644 24.6677692675
61.4229055554 45.1173984431
92.5893980259 94.6603818986
10.2525869836 73.5694380294
96.2498190763 4.92554458078
3.85665807326 56.3977004855
77.0090046244 37.7887469978
56.7195814972 99.9387533251
89.6537861632 39.3908402228
15.1283012188 31.1998868219
15.4407481077 71.9353379569
75.3835315754 50.9539954397
27.3578100421 29.9166341814
52.6207619762 54.8733623855
30.1397853756 53.1670032158
8.352861098 69.9763719774
59.4371303925 91.1524420079
85.5026722141 51.9442299102
80.0178489516 74.3426311117
32.1804424623 96.0586322719
29.5350013651 66.9580020492
0.167472700147 82.5994219605
15.1698678731 35.3863982477
8.45545654675 9.6829660643
59.0090516733 55.2689771925
10.7250531979 1.67571813832
90.5683477414 39.7737255558
46.4914722795 9.3974624513
27.5919350998 97.9010239909
73.3082740617 18.5631109194
42.64310298 37.2038610266
84.4326208577 50.8369916502
4.65443592202 88.1349784931
26.3477009175 68.0091326148
63.0506096222 82.9470748324
56.5432440519 38.0548246108
44.6781470839 76.5453184165
75.975051491 8.40539728634
65.566193955 11.3440207524
12.1700988 6.57769180021
6.91727771619 72.8510003116
19.7840623107 41.5233292339
32.7679277703 97.468848285
37.3513217826 16.2838760164
3.45695337614 49.8044649413
16.7185708659 29.8849975903
32.9074506084 85.0942588774
54.4938653042 13.8986827034
98.8220683957 48.0532264565
5.77158043713 14.8739009253
14.0932550392 8.55839096718
81.3892724731 75.9416049291
71.6731109271 87.7161645992
21.2682728262 61.7054364037
50.2804849878 98.062776462
22.7550000063 4.63515594142
71.8299570051 47.1605104424
11.3475820808 58.8711672402
65.7907023045 30.5421137192
67.6524708678 70.6503309546
95.7300438058 70.2600610689
70.1511967959 93.0567599089
92.9031160321 38.70177032
39.2024392252 15.0493517113
70.803014678 31.4873499019
18.8080104321 98.7817773536
29.3982875787 21.1595638308
73.7843428988 83.5786517682
1.4017690256 11.8430861313
16.539707555 37.0757375716
52.3924596675 91.3690228666
10.998714672 45.6596623853
77.2235914518 55.7162912249
58.3226370159 51.8292148359
3.63912585528 75.8704117992
64.9374620359 50.5376141377
9.95964941649 8.7063766924
14.8367686654 31.9449914801
9.99589331687 38.6640324496
8.82928472005 85.7517697408
82.1864809673 96.3665082121
0.336721632899 46.6304185533
52.3745783412 16.1937898409
33.4049910476 82.5052323509
55.2553421364 19.9326650598
34.2308316676 16.8292936341
28.193060023 66.6239384496
4.83041780067 17.0762428384
24.2660666497 81.5488008836
4.12457863102 70.7676917638
52.0366622141 68.7897558702
36.6419972611 11.9919530103
69.3106340102 92.0634320892
91.5340811167 84.2173671317
59.8996500017 70.0048914232
27.2804922296 41.7741066853
81.9522329177 55.6182069
32.5675558033 40.7991612055
5.74447436652 43.7144315852
92.0162371505 64.5697959906
20.5915281019 79.9087895386
34.4684291881 40.2369423432
17.6033859195 21.3466222859
87.0305043272 37.4488710529
53.7658225684 57.967302934
62.0542757856 82.9135669535
88.4947585726 12.3092969052
0.391298737435 55.5918095843
34.6598756727 71.7257655542
48.7405566044 18.8018282044
96.9858283976 1.42030365482
69.5002419432 64.4768714196
61.9883628274 69.0235199724
66.9273701026 49.819703318
82.5397102909 22.7852540534
49.4021046494 95.3283908284
77.1421581071 80.401048304
33.694423259 70.4460852129
57.3658457766 94.2750981446
91.0884127091 57.9603742927
96.0987428479 23.0399209589
65.5831778592 23.614935322
64.1609241445 24.6410687412
41.2243174667 17.1285696691
76.6889588713 29.5068554889
69.1373997132 49.804403075
6.2945466747 21.7493218538
10.6001618291 9.49882081706
10.3362877873 22.6152724357
2.84868862068 50.6918431573
67.7848914491 45.4604723473
27.1657690257 73.2918950164
12.5337839584 81.3593899234
9.24708819545 73.3128004247
63.9591720091 61.4517911311
31.7318447194 69.9279961613
85.6544443804 54.5391053855
41.4313689176 48.4708016112
13.013840298 59.1639904496
87.8714943896 42.6680363141
11.8187991087 14.6720324089
78.2625634724 51.7538204141
23.7114537036 14.0194876817
48.411224555 83.4267634267
89.0835675999 19.6770862741
48.5687256799 46.7058174334
63.7307328464 92.2823603753
49.3426519316 95.4006420879
55.544560051 21.9180234703
69.1541904781 38.0220464975
93.7178574993 61.3667693433
10.8012016045 20.0021392731
81.6569630065 46.2089085905
36.6518698051 61.4980753396
6.94117091341 93.9898312176
72.0413383522 49.1114416699
87.9123309949 69.8539481952
32.6348243636 69.7594458018
40.2199963552 47.6172812807
80.0854474224 73.2343944738
84.386710141 71.5483364073
23.427101343 90.7109336948
35.9096470273 86.0243940313
6.78092630194 98.5174704545
71.4005728904 77.4467823117
66.1053778635 8.90277481525
21.8968410018 92.3800020013
84.2688583041 1.62056129313
75.4044122167 37.4937662843
0.854770616047 62.6228696525
24.2549811128 45.4412641914
59.9080174094 60.1180603339
98.8397798372 97.8032066324
49.5335241533 74.7965194422
6.12208809735 6.83965619728
40.795544233 23.4540790573
56.0440129219 50.7839984372
58.7521552354 41.5839572979
72.6731459542 86.1834337275
46.0420092906 16.9381411046
39.9538793364 6.32273611012
2.10397938166 82.9371846182
3.24033353295 62.6037746419
44.0517147282 92.7485040799
61.541804984 38.6058750973
80.7290587174 34.9710235661
11.7010504388 19.9860511498
54.9454687755 12.6352541133
87.5323204042 67.1307820213
48.3247211033 66.4336829667
62.2437176308 95.2121563215
0.993316471 69.9427815895
35.1612889817 12.4065637408
45.9344475509 67.5639299557
1.974178585 83.2297222737
28.2233972599 12.7624898401
86.5181270765 57.6004302136
33.5854890257 29.7133274493
90.6509254673 97.8451848548
12.328812141 28.9652870954
0.76135417195 70.6840719449
21.0725413859 77.3511005473
39.3052808265 65.8938745956
55.8522728524 59.3488028172
46.9151757038 89.617422708
42.926334606 37.1728069737
92.9326014233 38.9577287912
50.9955092766 92.2341914782
47.799967998 63.3944194524
66.1314935058 41.4925573825
12.4870825027 50.0088183588
42.47413561 62.4479049707
43.2457687975 1.45747390552
23.4417122226 1.08940145017
0.483540209527 97.3570425195
47.7816872901 51.0031429118
70.4813373679 36.7535751535
1.31014919851 76.8599870949
49.3364056283 17.3083631862
79.7237377344 97.438934596
46.5560628018 67.7160996993
28.0806138664 58.0833866492
69.7278369394 9.82468098182
70.3198381319 5.15028832173
19.4578586494 73.1435103389
83.9065800323 55.0990064432
78.4816752875 49.4728487658
16.5870524734 64.6528282274
8.26171899361 76.595844183
81.8458870609 67.0519180488
15.444467426 49.5626069985
55.4153923094 43.6371147965
68.232320768 19.106513196
5.73341088223 5.81023122777
56.3668662312 58.4192245679
47.4167833192 48.3095654887
8.03657630102 78.542244672
24.5911013628 4.05751723529
71.0852049759 55.6533367625
61.4322754085 39.611698462
36.4550461027 26.6876504865
0.702526611995 95.3010648334
89.7109580081 83.7185593986
20.7942642135 23.4145543301
92.1263780753 1.18659688215
27.4006049452 98.6767138955
91.0730693518 19.8221895081
68.0798330816 55.3769990521
54.2957183008 87.7974319158
58.0147333616 46.1900307293
8.2103036428 50.2690905531
52.0209754972 96.0760307564
51.401643447 24.1680611017
14.0021211193 22.7166710036
87.8312628433 64.0348218257
6.10815973861 50.0425390278
70.5799154935 30.9923861207
45.2608182279 82.1311489042
23.2595754867 63.5132964682
28.7571028268 42.3221086422
88.956111323 22.5340396226
74.8728666332 63.2715128292
16.9767411426 37.3380801451
94.487184643 12.2244405552
25.0028592361 74.120832803
38.1715483635 83.5102984461
90.9931793456 61.6313841837
0.313709093481 40.2341644105
29.5637359648 91.0239114741
97.1564739695 12.7667536662
7.12366360458 8.15829864753
22.8752303517 13.1351536155
85.5473563669 14.0152758906
72.0640538069 23.9569084136
91.8868154084 62.799407005
78.7659659117 60.3449144142
93.6097235149 57.7189907928
91.9112272467 72.0466174448
97.6404721273 68.1606831184
3.40634269085 85.5443376924
37.3572058324 75.7007516678
90.6554182681 35.0343280279
57.1862725954 81.4019534961
95.5908141192 49.7852504903
60.6255558843 91.8269207329
15.9578144264 15.2242489642
69.3820136005 40.3231328074
25.9970834537 78.7919367198
34.3427527907 7.48952678151
74.9453542454 85.3966065312
69.1478414522 0.704827460714
73.4968839057 22.5191290904
57.1205050382 93.7320842385
48.2383676709 22.5618447357
91.6998875248 71.3159432339
73.1169025499 16.0263129428
64.7485205425 8.58695171973
72.3635974403 38.0220396504
18.9032259925 19.730467007
55.6981365661 17.6617015645
2.87204723096 71.8936053008
29.4959409259 31.9736973099
84.0807863982 35.7406928521
3.49075082972 78.2348682978
51.4072208674 32.6288937117
4.26655236302 53.6175111068
7.37874926528 39.8426213611
2.69924588554 67.9166514239
80.4957572297 93.8766991289
56.2575336561 43.5286317402
97.7186770139 22.6903006217
26.0907559422 99.6885517496
49.434230438 17.5004561587
74.9935167534 86.9580743362
29.8603897345 81.4292100052
32.9387062713 17.5106911294
51.3910990076 56.2375821849
67.0341022225 99.2054362107
30.2850434974 79.8041011857
98.3220580593 68.8673901958
31.9893652104 26.4004403877
38.7778764078 72.1341927354
55.3353480046 87.8195353831
43.9523098257 77.0617974714
18.5950737383 87.7167210148
52.2017101787 62.3006945086
85.6055048587 84.473708316
38.9061841766 81.2033396388
