50
1000 1000
1.76966112999 82.7225414293
46.905682913 86.6519641427
22.0286997476 13.9642450371
42.2226128688 90.4265599243
52.8525260793 66.0967963087
43.5020304511 45.3859782541
44.4858443157 92.0172355552
65.1709197039 99.5144483205
19.8846517351 83.4960021713
14.752136871 9.71858312852
44.0900550296 13.0450003613
90.442210376 48.9236261072
35.3988303745 62.6355381205
22.0506577166 0.832138316014
72.7402398362 33.6478609015
40.1679084126 93.2963026689
56.508042641 9.0514048008
71.8887434282 25.0366420638
27.7006689631 96.6844264824
69.1648385447 93.1468344532
22.8861611966 36.0697269298
43.2063731401 4.14377032703
9.48617901425 11.3315988228
72.0877631798 1.07196584351
27.5581011106 76.8754651654
42.1723814489 19.1393842309
53.6760088427 58.4999682518
83.3576092461 73.6566183951
60.2836568668 61.1880065242
98.7255320586 51.6022993941
96.5671262612 93.6386913183
35.9539607159 17.0505058019
88.605484806 0.803367938324
53.6578190771 47.4940844155
17.2261222746 0.593464992749
96.9914685878 65.5642477946
53.3921062676 25.1274612348
45.3925711751 89.6885296779
74.9981979685 82.2785139533
52.6828004416 43.8376242836
70.0814791274 69.1713800833
64.6643461952 71.2742092481
68.6895236982 41.0472779105
79.3040261154 26.9467007634
72.2544072573 50.8460421919
85.39043071 87.4897435798
71.8973998774 81.09262463
45.3203117983 90.5656123653
32.2431484967 35.0734199734
22.2262441098 20.6769387908
