250
1000 1000
94.7955545431 20.373368739
48.3436403305 95.3195732881
12.5675676908 25.6506827317
23.5971572205 34.4945754999
75.1207461659 39.6818598659
65.8018721913 88.6579486969
42.3913410246 44.4595376528
37.4141541875 92.3091036522
46.1622251644 69.3710235988
10.0091597349 80.0752679331
91.2470146415 27.7499677311
43.0012528963 40.8815452351
39.184935605 80.6069900043
9.59030857597 46.3927255826
15.2775329767 17.5346358777
79.5202318787 95.3240567232
51.9060634839 86.1806008707
97.2458591931 53.7895432579
60.8663028311 72.4553474179
58.3455128785 41.5935198727
72.7478829712 21.7525778139
56.0301721932 67.7063778675
77.3951583226 82.0065065589
99.9919443055 81.6969182977
53.9962234719 86.6221062715
63.6686809386 62.8050092484
67.6938806107 86.2746273569
18.4462933921 55.8286371514
57.0518965203 80.204174827
71.9539467871 89.5248760153
91.4923727813 90.9954885462
56.2075916881 81.6736159749
32.8147472354 67.0438578839
80.328954557 89.0685238644
31.2428410894 53.8582314815
18.3556474481 5.00456196737
96.275912082 72.2371157915
13.7947890599 39.535775892
77.4942896571 77.063899615
97.4926909852 81.1409726755
89.5245516562 93.7252594157
19.443914215 39.5567853771
46.7088714533 57.8001263201
41.1889392193 14.945911139
31.2033785798 62.6463653942
70.2539136215 85.6467491687
48.8241498659 39.6758833391
8.45313599502 76.7673539472
29.2729216719 12.6444681711
60.2417331402 83.1484516826
68.4579549839 40.4117820383
53.0699840696 61.9938320781
57.7698110893 66.3068614466
47.0275223776 27.3738472044
72.949980275 90.3543120956
10.6524509923 37.5049898869
5.78007975395 17.3312429557
92.3374927339 83.8377603505
95.9171373602 75.8120795068
15.1410846565 58.4572774357
17.921610269 67.3800271004
38.5228230313 12.7727210934
23.3343608103 31.6714952721
36.7506009769 30.343270848
97.697006101 13.989006424
26.6294253006 72.2331361332
73.2000107951 0.206687808131
67.2333075204 65.9029875914
83.2815303607 81.8870015553
22.4208608828 1.23533996639
96.1971932453 94.7749703288
87.1270992834 32.5593390107
77.0255654336 83.7133587858
68.8578823715 72.6252422888
46.6839421005 79.0032061498
60.3227028987 23.1976877029
39.740999073 2.7338303969
58.7084119355 72.9703123285
83.9849117373 80.3257329345
73.060507259 57.9237027375
14.3762741791 1.0782725462
32.3783786704 99.5534651557
98.119796832 35.4614030241
13.7986068236 81.9419693588
21.8985687385 77.6173331265
75.1861231956 91.9651434499
44.0766391718 47.7177144319
19.8707456883 92.8659922414
57.0831292448 70.6219006359
97.9593191321 69.0352603682
33.2651055515 24.0220389676
23.6922899265 86.3398273937
28.9752631948 18.7380333049
62.0617262778 37.1379312025
21.8341529 29.5551674826
72.8055661985 74.6631399405
11.1551071542 42.7581811656
99.9755542955 34.3415609279
12.9126737119 82.4750392147
27.2320963085 80.7959417753
4.17205306939 44.2712909652
75.5640840458 96.6719715645
1.26609495718 17.6395043743
61.3139029735 97.5776358168
43.0470206825 71.5560422981
69.6242034529 57.464607902
70.3498717848 3.87876636047
48.4342376727 39.0277734249
61.1570442055 75.9071350188
78.2521751045 71.2356962592
54.9522574554 52.1879922733
54.1333065531 43.4800672117
66.7759292362 82.8189099754
78.9023814664 14.9325998792
75.9530110485 71.1761498547
24.0789023439 97.9917248305
61.9649786529 8.0442482737
44.6752197881 73.2290077202
29.5853607094 55.8276662161
86.9931426987 79.4915974963
84.6611783219 1.46316296458
25.4794734754 54.1950480501
89.2388778711 28.1761090786
83.1679919842 32.6534374009
51.8501280094 6.39633876964
89.11551968 63.3124803086
95.5140848276 98.7739684086
73.6597804021 93.6970269671
75.6357200321 9.11029177403
25.9850963521 60.1831629548
73.8047698307 78.3845187109
21.5728797037 46.3555065156
4.78774093556 0.133610029829
87.1577899059 29.3287798275
45.5355872892 3.72534684607
75.5461737235 18.5242978625
87.429370543 27.1647419361
43.4464453595 13.5552010801
79.7225616653 77.4449448984
43.7505836228 98.448014949
68.7595714414 71.5615418083
34.8425197721 45.9767426488
83.2039941107 80.3549426962
91.3862454985 72.6878679511
25.5763164431 25.5011058224
79.7224990109 63.8881755609
41.818163818 50.870602348
63.4045344568 83.5173643796
12.1956518085 49.857362089
40.4235349501 53.7655030114
53.1857517482 28.7393792893
20.6430017853 6.60376749494
32.0257974216 6.32204431474
7.80434261838 41.9292730536
50.6584412013 37.1516985383
2.08041628857 34.8937779336
91.1838659469 90.4900081602
37.0183460466 23.4002085629
26.1330205595 26.635900224
22.0485397864 0.951859423065
37.9729028119 7.31815249362
62.990645015 31.5209642188
11.7021036438 12.9305430257
50.2313679224 59.7155346882
59.7435869948 61.1079586042
58.168992378 39.493561825
1.18864187368 32.7723896257
15.9459761499 1.0441662093
15.2925157957 71.2373990494
74.7666637865 4.78020860586
9.24010188442 24.2447999852
96.1697831871 49.6698018326
51.3487625137 22.5796990087
13.3851722415 45.7810837341
71.7814392239 82.6529474681
14.1081542829 97.5095486029
88.8674513525 11.9019132125
61.6859420779 20.5018143739
49.882149546 19.2259069724
79.5591954463 98.6949947099
11.2729519656 33.4819005963
86.4054145067 2.95398178433
69.6664528695 24.0897294485
30.2567285587 68.131229969
8.75068179141 13.4784240416
49.7042603964 62.0342303649
53.2820632199 18.6417753313
23.5704893107 22.1382750022
46.6593211568 4.79431072381
48.8266941708 2.73189813076
60.8790192053 71.2602958594
83.1031764533 99.0812204655
1.47991003801 14.9666792154
23.1940126162 10.5386239646
4.96307896276 65.0862501538
64.2204581579 59.7930331741
75.6269232209 82.4914396102
38.1698060481 29.5128281004
78.717914122 28.6302053604
66.264609504 77.686247772
52.9763077068 35.4660797912
68.93485427 31.9302182694
87.4444490549 33.078207455
8.76572577479 81.4724229476
20.3964391147 16.9988864892
8.55466409642 0.0298204211366
21.9241960019 42.2893554414
5.96585400984 22.681448065
56.5372591767 5.54675814992
5.01285836284 41.6123821323
43.0122524577 71.4471923953
98.8869997638 49.9177050365
90.1222435495 0.93283907029
77.1032117887 68.207194288
44.034003847 62.7284554103
5.75622812159 66.4260970605
28.5219623014 80.627454114
53.9987520584 91.4596969252
46.4666982011 66.610065762
82.3217431207 82.4138733446
27.0720921953 28.4819906302
25.2175850706 72.6418550005
95.921541904 28.97882637
8.61429893447 59.3846049373
20.3357932556 78.841165749
1.00479787543 8.3882938224
2.81844732301 35.8919026319
68.8448967024 41.6070641852
65.6536117084 99.5959852105
71.5506345234 50.1570742969
74.2943807443 91.3025799805
11.9995412751 4.18399879747
42.8173374198 43.4063094249
2.17825602639 93.2671804542
14.989171969 30.278199758
66.2046201966 54.0512265188
48.1380002262 30.7949602748
17.7784451046 39.6184004181
1.51832462204 54.2267634949
36.0749552247 87.0874546897
59.9473917194 0.14385393338
9.36786839058 36.2372830079
87.4174554997 36.389033148
33.8466737078 57.2909724269
9.23368285679 98.3893884925
33.2052963454 41.7571611046
85.5275815667 4.1769814943
27.8020556065 5.94665583139
70.7855064302 37.1239531475
38.3121089237 99.417508865
