125
1000 1000
3.44052451771 21.0919520833
99.097983036 61.473305874
5.77424815034 54.7338650035
92.5333591241 25.678753838
71.7411229885 78.3144480154
0.260981533131 98.668067367
61.9380539981 88.8535150301
27.6007605637 17.4793790908
74.1555959258 13.0348714776
21.0334415515 28.3741212967
75.0369510471 29.8066599842
65.200581719 82.6539664515
75.751263173 4.90444666298
67.6405609661 87.7987008724
55.2601006324 60.728867992
35.2696387388 68.2971251092
54.5750954515 10.1914872977
65.5572299182 86.1292924598
22.7206843947 90.4912403177
35.1401966974 74.7485094269
10.8083736817 92.7575186689
20.6774808186 59.9858789235
79.9384536964 58.5196632428
99.2148946347 39.3023934742
90.5939283425 31.4481630764
86.7819990088 41.9953834428
25.4394257749 56.660429985
3.57252167877 53.4274301978
67.2289676887 96.2415355875
49.814190793 25.7887404665
63.4806484311 35.0269692051
99.9651756062 42.6962257247
71.0633876959 58.9258432561
70.9754706945 99.0087473432
1.40316910664 5.82411826981
55.4045060188 75.8449803262
40.1308422309 29.5204853145
37.3177363767 43.7902077853
0.919894375634 49.9030419565
2.03808383855 77.1345772969
83.3322704955 92.2672038393
34.1990460809 31.2881467467
26.849153711 19.6892106007
94.4242403363 19.7179734387
43.4502889894 47.4544121248
22.8224284376 41.2500932826
58.9117290318 36.7556851321
84.634492023 21.9728665465
99.0200516887 88.6861694845
90.6750656972 61.1975984127
20.355641962 50.615303825
63.3947398401 81.2884454401
23.3116397483 64.2817349352
37.4188010808 57.758555591
35.8371214317 35.4161730719
27.3954563326 21.1272857917
72.2754767763 64.6187421185
45.6222759854 74.0784293243
92.0677137167 91.9723885946
75.8235864229 40.1479775286
12.9853939783 40.3902135219
82.9695150135 61.3056907203
75.5636667918 63.9043873982
27.5215907981 80.3457391203
88.4802766933 42.6647492571
36.4042672098 81.8402807872
99.708816383 80.7699468406
19.6734413531 65.5421797547
99.642894816 53.9757343305
37.3297939993 90.4945773729
84.1561824164 5.0145207437
16.9882657073 59.6657040585
39.1220510638 68.9589758878
56.7090242715 52.9271166283
97.9847954232 96.2296814311
67.4535713142 48.6782880337
17.995293492 13.9453686187
18.7816616895 95.8663832761
80.5218330834 67.3794760766
98.562406088 49.9839608307
31.4984519876 27.0033741559
18.9954898107 17.0594750539
38.6583802522 35.5128143772
14.375714892 35.537941672
39.5228271608 20.7050669928
19.3713502882 96.8187299109
67.446966105 8.71691849772
72.8375442275 80.3958991037
37.4047836387 82.8410864222
85.0279449501 17.7253304689
75.0076818518 42.9367730443
58.1473158773 85.1444965567
52.7123036542 9.14177098369
29.1240684391 9.11459455188
23.6922723789 5.10010636891
44.9841401397 9.48644573849
30.0158038446 8.60154280972
44.2436662299 87.1662664071
44.6704819357 77.144035656
20.6105957653 92.3004228248
93.8735455222 66.3939314194
53.3824894768 78.2031284646
95.7032993396 75.2842106586
21.8561704241 72.1810459604
31.1067928718 87.0144798181
59.8657843536 2.63589294163
15.1782743875 83.3612710105
15.719712858 64.677752564
91.6088210578 34.9002053027
4.36018831215 41.7304340928
88.9784180184 48.5394166844
84.3073976142 91.5460181094
61.6671745584 46.2210427573
8.66210813929 34.0454490726
17.7955486696 94.9774163517
58.9801209307 23.4066667637
64.3947716526 37.3848943161
44.6692564027 39.6198754155
15.5485101945 27.8876454507
13.1008875484 7.89598735878
16.2225553909 56.2116385076
79.2227757423 85.6696681293
5.72921024455 95.4390267786
84.3478128959 66.945713485
36.6458343683 48.8701262778
