200
1000 1000
74.8058161265 99.4039818328
25.6524321267 76.5897526177
92.6210785838 4.82716254997
58.8837982649 61.6148634718
17.7414061785 68.6392113519
39.1245229999 33.534625077
64.5749467819 22.5303890154
68.6906885483 15.4161728356
32.8164293189 42.0246415119
49.6905027278 62.2152682421
14.1596941301 26.5530661373
46.2235010401 25.0536503041
46.0871521114 79.4757890561
53.2252991329 30.5298706039
48.1463626657 93.0779727927
76.6118711665 16.0976937595
9.61695302272 62.0420062791
77.3248419814 12.6879768501
26.9350799177 85.4549371677
48.7481128968 41.9166135757
4.09184592993 57.3078917011
93.4294730212 62.5529923597
78.9669079054 23.8539145092
98.2420205743 6.9889221468
73.2041967256 92.6542504456
25.8866462847 17.0141824564
70.5357924116 94.8099927041
41.2465887486 76.5908239033
60.8015341909 95.0167578872
85.8523294007 99.3938837165
5.30990402103 62.4811773626
72.5444942403 91.8549390912
25.4202525649 36.0820676433
25.8062323388 63.7056168024
56.4016211263 94.1852663232
7.92578718372 20.6666401022
62.2833128978 2.64562105844
72.866213762 22.3911316939
73.0606019975 47.6053229234
90.9950997636 30.1306440981
81.1169009439 33.5996062048
45.3216986073 42.7775940596
63.0458692627 96.8321481469
25.3089609013 15.6706526012
14.1963090297 35.0557257948
40.8429151859 83.6577417574
42.0755499718 98.3497933744
22.5156435213 80.7420886463
34.3675011961 61.5044354502
29.6415882422 34.3909128633
60.9921448617 47.688876865
94.5325449882 82.4765179554
45.257870729 44.8512289176
65.7755587989 83.6143217958
23.2505881943 7.46086155366
70.8776172268 30.812262631
63.1118380354 39.5571135391
39.2997481913 72.8200628722
51.9668547235 94.4533951643
70.1644460967 21.6014966313
45.4452651577 12.7181360545
51.1456293452 61.4372673165
88.5497803225 72.2098520166
18.169887234 53.5504563915
37.747660906 41.1950428357
24.5724707508 55.8076304292
11.4705275987 29.5186962423
22.9642117433 64.2530664029
42.3844799447 25.01524199
23.4772972447 96.2504166886
57.2566659611 38.4182763842
28.8921303722 43.3807923178
84.559981529 42.4891206091
23.4047069043 57.9778349937
42.4754749317 50.3822545856
39.1081516304 81.8516406985
45.1505317322 2.41961404986
55.1816124486 58.1822046787
26.5233125517 11.6966548026
61.6474368151 36.6978140211
96.8471058782 72.0489404722
82.633040231 67.7678242399
56.664824583 11.5151961435
89.804647922 47.7396513766
81.3304345706 81.7040753677
39.8585822768 25.9420180425
33.9182570494 3.76798987837
78.6207923042 39.4206751305
60.9212362212 33.7052803117
18.2280881814 38.5643695377
71.7655344995 21.4041095845
9.80571207097 25.4600696818
43.029292514 15.7794791726
80.8584275643 73.7473094767
92.3074658748 95.7974799803
59.3076866069 51.6470447535
54.3596906356 1.21797420255
68.5892697791 12.1672281452
19.2063731291 62.8114019674
56.8075301653 63.3299282683
13.5364727782 45.9895135524
11.7183931885 99.6340287285
44.3419705816 69.3834233621
29.8045823233 35.1335930194
25.8665361408 57.3979243574
22.5610018987 35.9656897238
12.398878143 67.2096239386
53.5277851969 30.7045042835
68.9421380989 21.1093350055
18.1172463075 93.4290186811
20.0946136612 91.4575760461
53.7423045063 99.1401192355
46.0051261286 44.3041639936
36.7657310451 36.6989040711
76.9039461941 38.2243127347
60.7243194608 95.4679490664
46.7620478591 9.52853899194
88.2312455532 0.409615826176
33.0986954419 36.269019024
76.1596113843 12.0649666516
7.10150251005 42.6122520042
73.6695353043 77.6872979037
82.2128230252 84.9402156718
67.9617509847 18.327563262
41.4619018571 95.2787376382
38.1165418563 47.8151597202
8.96394793389 78.3457720819
99.4354950178 3.70161182669
12.0783914136 86.1312956951
76.1791952024 35.8931948588
6.14824562639 39.368759496
59.4810684761 37.1953611323
5.06314174564 50.3961038513
59.3024789598 28.2710981559
47.5324851395 61.1373147549
50.5330823551 27.6238302507
74.1746351258 15.2593904375
85.958086753 56.6545685562
26.5993429701 8.21497919395
99.8457690079 40.1241085254
28.4617064198 89.7185873217
14.717504278 61.6446186909
25.6182097497 30.8350053398
58.9883092616 60.6748797191
95.7891535619 87.9334452799
26.5469397441 14.2678754644
19.6720736731 75.4662441886
75.8947661976 1.15096331591
95.3191781984 53.1434197664
58.9567517714 5.40193618166
51.8102343376 71.4803360135
2.102723141 74.4147612498
38.8905469187 5.76826229838
23.8088775332 76.9273167222
90.3685246794 93.1901048736
93.3997093717 85.5431974862
46.6133320755 23.0320689872
55.5975352068 84.011669304
44.2318324736 97.9739498412
33.1155293374 47.3218687846
35.2932032588 78.3143688596
2.29219729543 95.8067191841
17.4083379598 63.1813123836
99.910533957 68.5679114349
46.186460867 64.6292385482
58.8171968169 30.5253046376
89.1165451869 52.7492271838
45.7528545417 65.3528489932
76.4595173779 55.5340252388
3.00753035704 55.5956614673
89.9610317602 81.9496981793
93.7914030876 7.62780201325
80.0273560579 62.8578811098
61.1681785372 37.6587498426
35.3605756642 88.574840965
39.6481539355 65.0469867104
66.168208987 69.8743309962
36.2106975816 32.3776489087
65.3299502772 80.7374249764
32.3420484016 55.8651520295
11.9622542238 96.4795944414
51.5980779356 47.1100758371
81.8754620981 26.1727246126
96.7157853717 38.544526936
74.3366539366 43.8081104972
83.020732222 89.0036765151
4.53954617216 16.1839504043
23.1023318675 45.4013138782
85.9979664768 87.8033630465
50.0732780239 34.167894666
38.3188582476 66.980150174
73.8131715627 92.6580783295
84.9068010094 15.7605070502
5.48680581707 74.7346631712
45.0027422651 36.3077440215
41.4836720624 47.8013936188
79.0453852862 86.2874034734
98.3551186358 85.7905038604
39.7021181426 26.8742052602
10.7593515001 8.46686115916
